asc2netcdf/tests/data/wellington-lidar-1m-dem-2013.asc
ncols        398
nrows        287
xllcorner    174.818018493000
yllcorner    -41.313597643208
cellsize     0.000010273382
NODATA_value  -9999.000000
[rows 224 to 251 of 287, columns 315 to 377 of 398]
3.616093 3.639516 3.653351 3.655960 3.635153 3.573457 3.499017 3.540717 3.539474 3.535998 3.520619 3.491603 3.484058 3.452990 3.423587 3.397526 3.385644 3.353651 3.314395 3.316258 3.306879 3.270479 3.316751 3.342844 3.367558 3.384676 3.352570 3.334913 3.322808 3.312246 3.303041 3.295671 3.290472 3.287506 3.286735 3.287985 3.291345 3.297863 3.309231 3.326620 3.348899 3.374737 3.431124 3.440402 3.424580 3.406179 3.403445 3.413193 3.419361 3.493218 3.566345 3.668643 3.749397 3.803937 3.850550 3.891313 3.925796 3.954354 3.975291 3.999794 4.031170 4.089924 4.177056
3.564464 3.577688 3.586478 3.588834 3.582305 3.564480 3.530819 3.542533 3.542408 3.506755 3.475894 3.491106 3.520473 3.482580 3.450580 3.437767 3.374884 3.320782 3.311949 3.288419 3.341369 3.337257 3.360336 3.371953 3.356041 3.345721 3.370597 3.335556 3.323483 3.312754 3.303590 3.296626 3.291927 3.289520 3.289352 3.291092 3.295115 3.302066 3.314069 3.341048 3.371677 3.354243 3.428571 3.496764 3.538040 3.521214 3.488461 3.492528 3.499604 3.649684 3.721646 3.754433 3.782655 3.815111 3.847852 3.880248 3.911126 3.939139 3.964527 3.988729 4.017681 4.065691 4.138754
3.526332 3.534353 3.539966 3.542705 3.541692 3.535691 3.523921 3.518594 3.524536 3.502022 3.468177 3.456417 3.454956 3.474582 3.437925 3.427314 3.369997 3.323279 3.350203 3.384107 3.392882 3.381592 3.369347 3.390181 3.410447 3.404193 3.394041 3.372755 3.320947 3.307970 3.302798 3.295434 3.290746 3.287861 3.287183 3.288039 3.290280 3.294360 3.281974 3.307408 3.417884 3.438065 3.479721 3.521571 3.577683 3.595217 3.574161 3.585044 3.706644 3.767693 3.760007 3.767342 3.790131 3.815877 3.843578 3.871855 3.898902 3.923919 3.947348 3.970589 3.995372 4.023692 4.057007
3.496104 3.501409 3.505289 3.507491 3.508044 3.507583 3.506285 3.497749 3.510248 3.519119 3.497693 3.468907 3.502669 3.465972 3.389933 3.344908 3.319957 3.313196 3.328469 3.345904 3.334449 3.350949 3.359120 3.392471 3.412869 3.379819 3.356933 3.412581 3.291834 3.282672 3.288169 3.276640 3.273591 3.273026 3.272888 3.272552 3.269512 3.252183 3.256348 3.331259 3.456283 3.510421 3.553414 3.580024 3.551268 3.563413 3.618472 3.632538 3.714333 3.738108 3.750245 3.766730 3.788137 3.811920 3.837203 3.862686 3.887083 3.910132 3.932335 3.954031 3.975751 3.997817 4.019612
3.471362 3.473906 3.476471 3.478622 3.479762 3.480789 3.487305 3.498994 3.468433 3.473604 3.522415 3.526271 3.467591 3.412622 3.368398 3.336320 3.355728 3.392706 3.369182 3.301191 3.390558 3.405988 3.409940 3.404599 3.376552 3.359083 3.385975 3.380752 3.324645 3.277292 3.257637 3.257010 3.255915 3.257624 3.262320 3.264581 3.272623 3.266897 3.319469 3.458495 3.578676 3.569770 3.603879 3.554568 3.521251 3.572259 3.648593 3.654951 3.697139 3.723923 3.742849 3.761671 3.782675 3.805469 3.829428 3.853435 3.876510 3.898561 3.919569 3.939489 3.958319 3.975602 3.989753
3.452240 3.451586 3.451527 3.452637 3.455040 3.457347 3.466384 3.515280 3.486608 3.485284 3.532250 3.498695 3.456254 3.404310 3.401721 3.388155 3.347047 3.329642 3.369770 3.326001 3.378326 3.392258 3.426887 3.434559 3.432331 3.433156 3.349692 3.388949 3.397596 3.328324 3.295597 3.283841 3.237577 3.251710 3.278416 3.290124 3.288900 3.314289 3.392316 3.511080 3.614667 3.566981 3.575969 3.528798 3.506960 3.556153 3.629976 3.648480 3.678838 3.708821 3.733026 3.754827 3.776521 3.798808 3.821869 3.845235 3.867853 3.889244 3.909173 3.927556 3.943902 3.956892 3.964177
3.438268 3.434737 3.431643 3.429996 3.431160 3.434297 3.443159 3.484292 3.470799 3.461043 3.469111 3.419349 3.421800 3.411525 3.383671 3.396624 3.367591 3.318821 3.357889 3.324989 3.363503 3.340477 3.357878 3.429054 3.487387 3.481987 3.422194 3.339311 3.401563 3.411945 3.383595 3.351180 3.311287 3.296313 3.343260 3.323917 3.271715 3.320856 3.452895 3.536599 3.535829 3.585570 3.590662 3.596260 3.568409 3.552988 3.594629 3.631824 3.663790 3.695378 3.722835 3.747236 3.770211 3.792741 3.815197 3.837855 3.860194 3.881445 3.901152 3.918887 3.933781 3.944602 3.949852
3.427948 3.422224 3.416421 3.411196 3.408026 3.408372 3.402913 3.395307 3.418556 3.440062 3.427536 3.401223 3.327595 3.278741 3.317956 3.320775 3.260345 3.246732 3.354416 3.304348 3.404735 3.374362 3.357656 3.301960 3.253329 3.368919 3.394756 3.404225 3.409032 3.385839 3.361337 3.344999 3.338943 3.409866 3.366666 3.323902 3.313273 3.401329 3.540955 3.593868 3.506524 3.522294 3.560421 3.570346 3.566249 3.572565 3.595429 3.631149 3.660547 3.688910 3.715676 3.740558 3.764080 3.786946 3.809278 3.831207 3.853024 3.874230 3.894106 3.912077 3.927334 3.938983 3.947849
3.420178 3.412907 3.404707 3.395462 3.387054 3.388916 3.442165 3.438925 3.444105 3.425679 3.348460 3.337810 3.330131 3.295090 3.330921 3.310327 3.252131 3.235398 3.246742 3.364025 3.377623 3.379087 3.337927 3.268961 3.262936 3.360858 3.308035 3.376709 3.455090 3.390978 3.279727 3.247300 3.296857 3.417308 3.383610 3.443952 3.450173 3.467646 3.567006 3.662748 3.602406 3.607362 3.653478 3.640477 3.608422 3.602564 3.616415 3.639256 3.663663 3.687822 3.712092 3.735957 3.759047 3.781535 3.803842 3.825726 3.847148 3.868211 3.888249 3.906770 3.924361 3.934414 3.880777
3.416562 3.408359 3.398644 3.386403 3.374932 3.419373 3.400933 3.419049 3.447881 3.444499 3.400741 3.310068 3.356346 3.361104 3.369335 3.348996 3.350967 3.378674 3.285063 3.288945 3.291599 3.253625 3.303723 3.379622 3.380803 3.390057 3.406446 3.403900 3.428305 3.424364 3.382940 3.346017 3.360631 3.373549 3.396831 3.490175 3.550177 3.598227 3.647910 3.644161 3.641211 3.632768 3.689162 3.690499 3.652298 3.629531 3.632950 3.648201 3.668092 3.689503 3.711394 3.733430 3.755434 3.777280 3.799094 3.821257 3.843005 3.864542 3.885166 3.906100 3.921862 3.918979 3.963776
3.417402 3.409616 3.399425 3.382594 3.355235 3.392724 3.419823 3.434107 3.445767 3.454164 3.419745 3.306686 3.382800 3.401341 3.410345 3.421631 3.436247 3.453707 3.463464 3.428258 3.414119 3.352324 3.356713 3.372390 3.327440 3.382166 3.408793 3.466134 3.450699 3.423172 3.397848 3.371489 3.379811 3.399060 3.372566 3.467071 3.551811 3.586810 3.598572 3.590574 3.605753 3.677520 3.717256 3.694622 3.657029 3.644652 3.645653 3.657005 3.673188 3.692211 3.712522 3.733345 3.754228 3.775019 3.796402 3.818484 3.840607 3.863008 3.885273 3.906953 3.927971 3.954860 4.053722
3.419984 3.414047 3.403329 3.388677 3.394785 3.397971 3.428190 3.429068 3.407785 3.378922 3.351337 3.392069 3.387874 3.387120 3.388940 3.392306 3.396075 3.397733 3.396430 3.401634 3.429752 3.376484 3.326779 3.314136 3.311210 3.348315 3.395008 3.398424 3.405394 3.415901 3.430376 3.443567 3.441048 3.442658 3.453413 3.530993 3.597862 3.623076 3.624250 3.611891 3.607619 3.661683 3.669280 3.657291 3.649968 3.648761 3.655072 3.665968 3.680260 3.696801 3.715021 3.734473 3.754577 3.774855 3.795735 3.817189 3.840457 3.864986 3.890064 3.916073 3.949062 4.007441 4.112354
3.425612 3.424623 3.430334 3.439255 3.384731 3.388532 3.450359 3.465468 3.405049 3.339887 3.358424 3.355381 3.362074 3.369762 3.376706 3.383198 3.389523 3.395298 3.399585 3.400931 3.382954 3.399999 3.414712 3.403082 3.384346 3.355293 3.338591 3.407004 3.437154 3.420910 3.406568 3.428612 3.452755 3.484287 3.591844 3.657079 3.686762 3.697568 3.683572 3.655693 3.634091 3.624650 3.618690 3.618525 3.626654 3.642684 3.658863 3.674746 3.690160 3.705692 3.721735 3.738745 3.757042 3.776021 3.791904 3.812425 3.841314 3.870728 3.901625 3.941004 3.995761 4.074798 4.144435
3.435635 3.441608 3.441859 3.417695 3.411866 3.427646 3.420172 3.433640 3.416683 3.348598 3.330698 3.344891 3.356125 3.366094 3.374771 3.382109 3.388240 3.393264 3.397019 3.399354 3.403461 3.417160 3.437122 3.440870 3.401646 3.330625 3.336918 3.389801 3.396506 3.384736 3.408023 3.453534 3.463204 3.543649 3.635679 3.664082 3.667840 3.689282 3.712936 3.678712 3.636356 3.578841 3.554347 3.564302 3.595311 3.631021 3.658458 3.680281 3.700286 3.718800 3.736367 3.752877 3.765882 3.772701 3.788987 3.863215 3.901433 3.913182 3.947720 4.021472 4.090448 4.132366 4.160194
3.431060 3.435579 3.430696 3.387870 3.398627 3.342493 3.337980 3.350676 3.359543 3.367304 3.336306 3.345556 3.356655 3.366756 3.374850 3.381116 3.385977 3.389536 3.391922 3.394387 3.398509 3.405418 3.417160 3.429453 3.433287 3.438035 3.578767 3.530828 3.433721 3.377064 3.395213 3.497308 3.564289 3.627147 3.613394 3.665882 3.702530 3.692244 3.728908 3.716971 3.646167 3.624072 3.598063 3.605451 3.640014 3.648795 3.661109 3.683068 3.704556 3.726309 3.748776 3.771478 3.791663 3.807618 3.842735 3.990012 4.028330 4.025504 4.086914 4.205547 4.258698 4.196489 4.175186
3.419815 3.416696 3.412225 3.416017 3.389912 3.283519 3.318708 3.339919 3.305706 3.318784 3.339288 3.351372 3.361910 3.370206 3.376717 3.381843 3.385675 3.388477 3.390829 3.393918 3.398139 3.404194 3.412866 3.422862 3.432578 3.452600 3.530972 3.540475 3.450076 3.403461 3.481371 3.557214 3.632638 3.688078 3.625746 3.667696 3.720088 3.703496 3.719980 3.703039 3.692162 3.685669 3.652689 3.634023 3.646560 3.657624 3.668629 3.691524 3.712660 3.737340 3.762853 3.815305 3.913157 3.981624 4.035633 4.049088 4.058884 4.101594 4.194136 4.314222 4.378940 4.226115 4.160379
3.405768 3.397469 3.382576 3.377991 3.365564 3.352918 3.350223 3.328492 3.309378 3.332746 3.348624 3.360131 3.368874 3.375515 3.380771 3.384918 3.387928 3.390069 3.392338 3.395128 3.398521 3.402853 3.408053 3.412985 3.416337 3.422290 3.448492 3.481338 3.463217 3.462442 3.537637 3.602266 3.649012 3.685884 3.698780 3.649226 3.617188 3.653252 3.679432 3.691178 3.736777 3.737724 3.717222 3.664814 3.596381 3.590261 3.660543 3.675253 3.740988 3.755920 3.820946 3.961162 4.026774 4.054210 4.093084 4.119588 4.101129 4.121559 4.214818 4.312185 4.368489 4.362808 4.249671
3.383016 3.386186 3.407792 3.386955 3.398991 3.374323 3.355696 3.348346 3.345155 3.350349 3.361376 3.370699 3.377372 3.382528 3.386745 3.390040 3.392286 3.393592 3.395023 3.396834 3.398957 3.401327 3.403320 3.403441 3.399996 3.395647 3.406333 3.428746 3.459823 3.514597 3.595893 3.662775 3.642143 3.702287 3.663959 3.620704 3.609441 3.611899 3.669340 3.720873 3.778708 3.785125 3.781838 3.764162 3.727961 3.710425 3.704834 3.724044 3.710881 3.781139 3.935438 4.037739 4.015592 4.088143 4.075736 4.125443 4.169650 4.188237 4.216730 4.287412 4.323187 4.347528 4.282601
3.311470 3.352250 3.437917 3.417585 3.347437 3.392214 3.416779 3.401963 3.388903 3.373894 3.376953 3.382880 3.387416 3.391114 3.394332 3.396708 3.397852 3.398145 3.398428 3.398902 3.399357 3.399411 3.398328 3.394514 3.385317 3.370641 3.363541 3.400504 3.460280 3.521126 3.585473 3.646176 3.661729 3.750031 3.713415 3.646299 3.623148 3.630820 3.658988 3.653584 3.722579 3.793520 3.819880 3.853451 3.915979 3.889214 3.805892 3.793963 3.819714 3.895323 3.983424 4.055716 4.112178 4.092834 4.151496 4.176247 4.207963 4.251917 4.275430 4.257249 4.242044 4.236382 4.229871
3.345406 3.344584 3.419264 3.453558 3.440070 3.418333 3.429272 3.452052 3.444640 3.410199 3.394906 3.395309 3.397943 3.400667 3.403037 3.404373 3.404397 3.403816 3.402889 3.401643 3.399986 3.397554 3.393498 3.386302 3.373689 3.348468 3.344941 3.368972 3.451089 3.569494 3.631649 3.606747 3.666940 3.721033 3.716059 3.656921 3.623324 3.670926 3.683681 3.680916 3.743387 3.822516 3.896880 3.913904 3.875549 3.946141 3.988572 3.905587 3.919710 3.991676 4.064584 4.102308 4.065707 4.151831 4.184499 4.191445 4.232995 4.311977 4.357972 4.289098 4.169911 4.156322 4.181736
3.360570 3.372800 3.454410 3.386484 3.417194 3.424996 3.426635 3.448034 3.469968 3.456936 3.419870 3.405850 3.406030 3.409813 3.412168 3.412813 3.411983 3.410460 3.408246 3.405341 3.401673 3.396776 3.389944 3.380517 3.367763 3.310402 3.400388 3.483507 3.599878 3.722090 3.675617 3.611480 3.672680 3.708637 3.709777 3.671639 3.629865 3.632304 3.646760 3.732793 3.797922 3.841211 3.875979 3.894795 3.891789 3.899693 3.948156 3.960249 4.041049 4.109899 4.143363 4.197000 4.256901 4.224124 4.214560 4.241425 4.278765 4.327469 4.396503 4.438200 4.367132 4.232972 4.134270
3.446730 3.464755 3.498524 3.417620 3.447209 3.397186 3.364016 3.394646 3.410348 3.381626 3.376227 3.398589 3.410159 3.416474 3.422519 3.423482 3.421229 3.417928 3.414105 3.409734 3.404452 3.397893 3.389869 3.380334 3.368841 3.370751 3.485449 3.612371 3.683488 3.695035 3.688549 3.669126 3.726677 3.729797 3.696926 3.688443 3.700631 3.681296 3.739541 3.789157 3.823129 3.850004 3.874095 3.896181 3.915202 3.929229 3.948968 4.002592 4.074783 4.137506 4.181201 4.220848 4.278278 4.316243 4.299752 4.277746 4.253514 4.251595 4.318575 4.474868 4.527671 4.342956 4.153645
3.454975 3.426442 3.406094 3.455555 3.418186 3.399426 3.373765 3.341969 3.360613 3.340952 3.336463 3.357940 3.400477 3.430223 3.438894 3.442013 3.433915 3.426750 3.419698 3.413568 3.407794 3.401762 3.396034 3.397131 3.444665 3.455477 3.517603 3.652126 3.711698 3.646433 3.671950 3.687601 3.683753 3.655079 3.630323 3.666229 3.740976 3.748087 3.796671 3.814941 3.837404 3.863395 3.890027 3.916813 3.943975 3.972721 4.005345 4.044277 4.099655 4.162893 4.215950 4.238430 4.207569 4.206818 4.271836 4.268072 4.276997 4.294625 4.244732 4.351177 4.435705 4.312262 4.183937
3.394893 3.345983 3.409787 3.442819 3.469903 3.483617 3.419293 3.335187 3.358850 3.362642 3.391576 3.384045 3.403957 3.475532 3.503754 3.419213 3.451988 3.433706 3.418990 3.412705 3.410689 3.410934 3.411101 3.407006 3.500607 3.592716 3.678271 3.704412 3.702770 3.723395 3.698697 3.687157 3.674052 3.671981 3.669949 3.683228 3.726506 3.786212 3.799498 3.821481 3.847553 3.875622 3.905273 3.936528 3.969333 4.004902 4.042927 4.084870 4.135223 4.198300 4.263442 4.293607 4.234562 4.184681 4.234975 4.264540 4.303635 4.338085 4.282017 4.261998 4.289264 4.263833 4.249100
3.449413 3.419894 3.452720 3.484771 3.503446 3.509944 3.494700 3.452278 3.403485 3.397223 3.406874 3.413556 3.463878 3.501770 3.495638 3.493871 3.475541 3.425884 3.405730 3.410696 3.425864 3.446289 3.466803 3.468932 3.580735 3.626525 3.686384 3.726501 3.729060 3.723813 3.692980 3.674848 3.680151 3.666035 3.737015 3.795337 3.724229 3.773088 3.802912 3.830437 3.858615 3.888342 3.920001 3.953831 3.989913 4.028857 4.070532 4.116359 4.167717 4.232860 4.313280 4.384655 4.383433 4.302693 4.260620 4.275979 4.294590 4.292067 4.318393 4.369967 4.311681 4.290235 4.290929
3.507989 3.511970 3.482528 3.504952 3.517862 3.525298 3.530390 3.532059 3.533252 3.515249 3.505053 3.524061 3.531096 3.538623 3.548382 3.512429 3.464550 3.458152 3.498168 3.519271 3.537460 3.578828 3.617697 3.617289 3.621732 3.649865 3.694227 3.686648 3.655595 3.690931 3.694090 3.672050 3.657791 3.677690 3.750602 3.791455 3.749382 3.783998 3.811550 3.839910 3.869424 3.900454 3.933455 3.968799 4.006634 4.047363 4.091694 4.139772 4.192130 4.260207 4.353172 4.440965 4.376542 4.332170 4.314954 4.285282 4.271433 4.295804 4.298271 4.362944 4.329567 4.307305 4.297448
3.454524 3.426865 3.436105 3.466262 3.475157 3.497885 3.533324 3.549296 3.563069 3.571074 3.571157 3.568290 3.557770 3.512916 3.462666 3.500778 3.446023 3.453367 3.506328 3.556461 3.595326 3.635861 3.676587 3.716265 3.751105 3.722197 3.722738 3.702535 3.656502 3.694928 3.707230 3.754631 3.705950 3.759103 3.798614 3.758757 3.768161 3.794354 3.820913 3.848932 3.878723 3.910518 3.944561 3.981096 4.020263 4.062368 4.107782 4.155469 4.204459 4.273059 4.360482 4.395391 4.371418 4.363749 4.356869 4.332685 4.346462 4.392881 4.314574 4.308670 4.301123 4.293542 4.286861
3.433895 3.499215 3.469651 3.532594 3.477362 3.473421 3.552463 3.576606 3.600452 3.616554 3.622671 3.616156 3.598314 3.547322 3.476192 3.471638 3.521021 3.502880 3.548462 3.601554 3.635589 3.668705 3.700548 3.742564 3.730690 3.696321 3.745082 3.783255 3.733669 3.708486 3.696093 3.751260 3.769933 3.788943 3.788805 3.769696 3.779738 3.803560 3.829063 3.856651 3.886522 3.918849 3.953707 3.991187 4.031588 4.074851 4.120754 4.166582 4.204496 4.252065 4.315586 4.314773 4.332588 4.351712 4.372073 4.400983 4.421605 4.385791 4.264124 4.278972 4.279385 4.276085 4.272284
