asc2netcdf/tests/data/wellington-lidar-1m-dem-2013.asc
ncols        398
nrows        287
xllcorner    174.818018493000
yllcorner    -41.313597643208
cellsize     0.000010273382
NODATA_value  -9999.000000
[rows 196 to 223 of 287, columns 126 to 188 of 398]
3.245440 3.215938 3.182801 3.198123 3.213034 3.197164 3.218352 3.228138 3.238017 3.249185 3.252800 3.247595 3.236039 3.218211 3.194058 3.165103 3.133919 3.105700 3.065189 3.014051 2.995334 3.037249 3.114352 3.202892 3.228938 3.199784 3.151764 3.102197 3.040104 3.034630 3.071569 3.093609 3.072917 3.010792 2.947757 2.949679 2.929455 2.907232 2.960495 2.999554 3.025787 3.083348 3.091837 3.133034 3.138257 3.136534 3.182279 3.188758 3.123166 3.136961 3.168396 3.182223 3.080188 3.008128 3.060839 3.115670 2.978769 2.983468 2.952899 2.924972 2.884085 2.866805 2.893761
3.307043 3.270309 3.229016 3.205987 3.185225 3.171062 3.217460 3.230125 3.264690 3.278978 3.280845 3.270401 3.243299 3.208527 3.167196 3.127757 3.088259 3.071625 3.023478 2.976341 3.038253 3.005687 3.032546 3.066306 3.100325 3.115669 3.103156 3.076195 3.046496 3.104438 3.065776 3.074646 3.080454 3.038881 3.002897 2.998240 3.002336 3.008973 2.974196 2.965631 2.971464 2.938804 2.986532 2.999023 3.061131 3.114669 3.064481 3.068694 3.235710 3.227210 3.089187 3.110451 3.119036 3.057123 3.006936 3.035242 3.040971 2.999362 3.001906 2.923328 2.902560 2.918102 2.918779
3.360579 3.318292 3.280105 3.247327 3.220393 3.198584 3.181272 3.183316 3.188503 3.238553 3.258663 3.231821 3.197601 3.154818 3.106351 3.053055 2.999021 2.979362 2.992715 3.023525 3.058217 3.047999 3.028899 3.010829 3.028973 3.053361 3.069293 3.116654 3.136218 3.152538 3.160824 3.071590 3.021805 3.048435 3.002292 3.010445 3.056395 3.083935 3.059017 3.026345 3.004416 2.976759 2.967281 3.011286 3.114070 3.087228 3.027136 3.041557 3.099674 3.130828 3.059291 3.165921 3.193458 3.121137 3.114101 3.211416 3.147860 3.058607 3.005776 3.041124 3.013012 2.948776 2.943938
3.343274 3.316591 3.290519 3.264296 3.236328 3.204811 3.168255 3.131572 3.079047 3.104351 3.114850 3.125029 3.174846 3.118797 3.134064 3.090455 3.014191 2.937119 2.938491 3.021722 3.029293 3.017081 3.005099 2.994076 3.034860 3.035021 3.013615 3.189118 3.169034 3.155239 3.154059 3.145241 3.090060 3.009372 3.008103 3.064754 3.103095 3.092451 3.067912 3.043481 3.018403 2.992050 2.962581 2.927819 2.987552 2.931024 2.891603 2.942308 2.970853 3.041074 3.037576 3.136025 3.091923 3.065355 3.131210 3.159203 3.138464 3.086352 3.158223 3.113356 3.067404 3.076264 3.052560
3.317701 3.301917 3.284367 3.265107 3.242755 3.214474 3.177531 3.130017 3.089394 3.092994 3.108928 3.122451 3.140156 3.119279 3.064661 3.027672 2.981025 2.967324 3.010230 3.054511 3.007665 2.988380 2.975572 2.986475 3.036067 3.093228 3.130710 3.158747 3.150722 3.138766 3.125480 3.100323 3.049422 3.017302 3.079964 3.092139 3.134470 3.119189 3.088512 3.063770 3.037608 3.012537 2.988015 2.964416 2.950105 2.888331 2.838483 2.857622 2.915795 2.908380 3.034981 3.084261 3.006957 2.969501 3.049902 3.139166 3.150521 3.188154 3.243302 3.138485 3.095152 3.161486 3.122416
3.298016 3.286425 3.273422 3.259343 3.243659 3.223648 3.191973 3.143922 3.086185 3.126904 3.144344 3.093492 3.095449 3.108985 2.993157 2.966104 2.969467 2.980837 2.992774 2.994988 2.990000 2.982990 2.984889 3.014966 3.052831 3.099707 3.153362 3.165147 3.159067 3.135080 3.111157 3.102080 3.089983 3.067016 3.085274 3.038921 3.184785 3.171395 3.115063 3.084855 3.054222 3.030646 3.011956 3.004979 2.979496 2.957771 2.939173 2.932364 2.951154 2.906199 2.979860 3.019432 3.018508 3.004556 3.024890 3.108598 3.133652 3.200192 3.242680 3.159882 3.113088 3.189433 3.228424
3.283771 3.273556 3.262320 3.250743 3.239361 3.227443 3.210032 3.164137 3.090967 3.064057 3.066900 3.056645 3.028674 3.006405 2.989604 2.982594 2.983690 2.992393 3.005761 3.019476 3.034171 3.053714 3.039713 2.987487 3.018593 3.126012 3.174289 3.192466 3.184434 3.152917 3.108008 3.095363 3.087955 3.056238 3.090379 3.078557 3.137200 3.158677 3.139476 3.101147 3.064144 3.043478 3.028695 3.022334 3.020264 3.049725 3.073557 3.042662 2.989283 2.964182 2.947731 2.953870 2.978065 2.986910 2.988497 3.027052 2.968540 3.099157 3.073840 3.010505 3.045953 3.156168 3.194304
3.271110 3.261512 3.251355 3.241441 3.232679 3.226444 3.225976 3.201663 3.113142 3.057356 3.048554 3.041155 3.028072 3.016982 3.009267 3.003908 3.002723 3.006430 3.015609 3.030973 3.050432 3.079367 3.114270 3.083575 3.084330 3.163673 3.231558 3.248279 3.241114 3.172752 3.099749 3.045624 3.011371 2.993990 2.995656 3.022696 3.071630 3.136528 3.114877 3.047827 3.053215 3.041401 3.028935 3.006521 3.008316 3.023115 3.045804 3.054828 2.978240 2.930527 2.918083 2.946753 2.966436 2.960510 2.958578 2.986661 2.985293 3.007313 2.975517 2.988916 3.027434 3.037544 3.048718
3.259895 3.250442 3.240482 3.231262 3.224378 3.222628 3.237221 3.236188 3.128585 3.065665 3.066423 3.055333 3.044069 3.034447 3.026158 3.019985 3.016925 3.017443 3.022138 3.032239 3.048551 3.060263 3.053650 3.056811 3.084905 3.164943 3.323922 3.431967 3.317867 3.199878 3.082457 3.021430 3.011698 2.965797 2.951193 2.980086 3.007531 3.006737 3.004647 3.028584 3.053980 3.055575 3.049401 3.038523 3.002129 3.002824 3.028965 3.016986 3.021071 2.986203 2.943958 2.958573 2.968693 2.969182 2.987449 2.943156 2.960685 2.852485 2.942033 3.023810 3.019073 3.052063 3.164168
3.248991 3.239016 3.228370 3.218130 3.209690 3.204110 3.200258 3.163036 3.122551 3.099586 3.088799 3.076224 3.064460 3.053703 3.043690 3.035330 3.029257 3.026022 3.026544 3.032389 3.045542 3.058895 3.000717 3.005131 3.049327 3.074812 3.182343 3.364532 3.284689 3.135143 3.043450 3.024714 3.016255 2.979528 2.986670 2.927151 2.992583 2.965146 2.985213 3.109822 3.114677 3.119677 3.104031 2.997204 2.979221 3.032791 3.057943 3.025833 3.007644 2.983314 2.964275 2.997947 2.981923 2.958484 3.029702 3.017631 2.959731 2.925927 2.946957 2.960165 2.955604 2.970104 3.012957
3.236701 3.224057 3.210830 3.197180 3.182550 3.165044 3.134490 3.146858 3.141648 3.123664 3.109595 3.096388 3.083977 3.072214 3.060699 3.049725 3.040388 3.033439 3.029739 3.031873 3.045176 3.073218 2.983222 2.987031 3.060855 3.053171 3.059747 3.111135 3.130311 3.041023 2.992443 3.006086 2.977558 2.869237 2.942708 2.910841 2.981953 3.078279 3.160587 3.180579 3.089070 3.112146 3.073410 3.108170 3.115437 3.062922 2.995911 2.972713 3.036468 3.028361 2.999776 2.987961 2.971772 2.946059 2.947362 2.961484 2.982517 2.969954 2.929012 2.903963 2.899444 2.896117 2.935330
3.227586 3.209627 3.191191 3.172425 3.152444 3.130107 3.142871 3.160060 3.156855 3.142710 3.129526 3.116091 3.102935 3.089876 3.076740 3.063161 3.050113 3.039023 3.031151 3.028523 3.048833 3.043342 3.048226 3.063933 3.070407 3.066029 3.062420 3.060524 3.060510 3.037401 3.020444 2.995804 2.949538 2.943727 2.913472 2.981116 3.019728 3.121269 3.207262 3.137057 2.994863 3.053961 3.057169 3.108320 3.117222 3.062864 2.996074 2.967944 2.998460 3.022787 3.003838 2.986975 2.986050 2.982500 2.959288 3.004067 3.058739 3.049788 3.008674 2.963982 2.942427 2.961553 2.985406
3.224410 3.199892 3.174737 3.150820 3.132082 3.127549 3.144069 3.163363 3.168681 3.161793 3.151060 3.137943 3.123723 3.108940 3.093552 3.076886 3.059447 3.042781 3.028744 3.019837 3.044508 3.047501 3.063826 3.071857 3.064108 3.060915 3.058288 3.056627 3.055452 3.055100 3.069517 3.062538 3.003510 2.965005 2.917969 2.958919 3.019880 3.111128 3.158676 3.106123 3.063705 3.017672 3.051339 3.046183 3.022176 3.005999 3.002271 3.015979 3.019796 3.008073 2.995283 2.986164 2.994653 3.017015 3.037536 3.083196 3.107454 3.083089 3.033741 2.990503 2.988643 3.037710 3.038100
3.228854 3.195696 3.161613 3.131592 3.117732 3.114139 3.120878 3.159466 3.184237 3.184637 3.176653 3.162946 3.146462 3.128964 3.110784 3.091006 3.068889 3.045502 3.017011 2.954074 2.973726 3.036603 3.063052 3.061660 3.061602 3.060486 3.058530 3.055962 3.053255 3.050294 3.044670 3.036175 3.013932 2.938183 2.880142 2.921483 3.031487 3.117454 3.126319 3.081581 3.055918 3.058487 3.067721 3.050530 3.034777 3.037387 3.049302 3.060102 3.060522 3.054715 3.043515 3.039401 3.050333 3.081617 3.124547 3.101671 3.079242 3.035210 2.957313 2.912824 2.975429 3.102384 3.074281
3.244228 3.191358 3.127754 3.061468 3.041067 3.060919 3.090475 3.143054 3.194257 3.217708 3.207524 3.190669 3.171330 3.150616 3.128693 3.105842 3.081901 3.057146 3.024504 2.940685 3.008678 3.051770 3.065615 3.068823 3.069285 3.067452 3.063659 3.058600 3.051726 3.043784 3.035601 3.026189 3.008354 2.963465 2.913012 2.967247 2.994243 3.006047 3.031353 3.044822 3.072552 3.064127 3.066146 3.073245 3.084963 3.097510 3.101956 3.096921 3.092426 3.089219 3.082972 3.071896 3.075758 3.091208 3.052400 3.062049 3.042689 3.005299 2.960344 2.964317 3.041215 3.101223 3.078917
3.236047 3.122224 3.047816 3.050166 3.061022 3.077464 3.070159 3.107493 3.206088 3.274871 3.242856 3.218219 3.194244 3.169691 3.144602 3.121224 3.102303 3.073079 3.013297 3.087048 3.081927 3.082425 3.087309 3.087736 3.084755 3.079452 3.072272 3.063958 3.054210 3.043421 3.032382 3.022628 3.011839 2.979656 2.920396 2.940346 2.964644 2.983442 3.001428 2.998536 3.009399 3.046712 3.097885 3.125730 3.137270 3.144797 3.143965 3.137343 3.129382 3.121073 3.111064 3.095892 3.084332 3.088483 3.096860 3.060324 3.039887 3.030711 3.023808 3.032626 3.068742 3.091722 3.076323
3.211277 3.021549 2.953918 3.006418 3.040217 3.045910 3.041701 3.145238 3.256304 3.278547 3.245869 3.220963 3.195801 3.170925 3.146446 3.122568 3.113232 3.105746 3.032561 3.093667 3.114919 3.118922 3.117296 3.112731 3.105354 3.095829 3.084515 3.072184 3.059051 3.045477 3.032531 3.022956 3.018324 3.004926 2.955656 2.959165 2.988026 3.018585 3.047117 3.072352 3.096562 3.154526 3.172603 3.180016 3.190042 3.195174 3.189795 3.178295 3.165166 3.150158 3.131474 3.107912 3.083320 3.062709 3.042480 3.086233 3.074003 3.088291 3.094392 3.075359 3.070022 3.066109 3.093721
3.171588 2.988524 2.978925 2.970593 3.039902 3.073892 3.096362 3.164829 3.210345 3.201039 3.193158 3.179804 3.162580 3.143165 3.123020 3.093081 3.078948 3.108400 3.115402 3.151948 3.164134 3.162302 3.154214 3.143059 3.129991 3.115438 3.099393 3.082385 3.065010 3.047840 3.032314 3.022647 3.024396 3.026115 2.987517 3.001241 3.031472 3.054004 3.075996 3.099375 3.127006 3.159241 3.184440 3.206115 3.227447 3.243016 3.240277 3.221632 3.200772 3.176642 3.147208 3.113759 3.080794 3.052934 3.032039 3.050955 3.065698 3.095479 3.096730 3.059013 3.034322 3.012093 3.033281
3.142489 2.990163 3.025365 3.015797 2.999445 3.107387 3.129067 3.131892 3.142199 3.142165 3.134931 3.124046 3.110258 3.092759 3.071232 3.033388 3.034367 3.139951 3.184517 3.216982 3.223260 3.214444 3.198746 3.180017 3.159776 3.138640 3.116639 3.093975 3.071218 3.048772 3.028126 3.014832 3.017757 3.014903 3.026499 3.040533 3.053675 3.066759 3.080672 3.096624 3.116703 3.140057 3.164332 3.191691 3.226330 3.265852 3.293753 3.279133 3.238000 3.191291 3.147561 3.111748 3.079787 3.045856 3.060131 3.042984 3.055095 3.039878 3.026505 3.042659 3.028807 3.005586 3.025964
3.114503 3.037810 3.044756 3.051054 3.050519 3.109242 3.094179 3.082659 3.093864 3.096243 3.091476 3.081014 3.068823 3.054224 3.044560 3.021272 3.015640 3.112789 3.239034 3.287616 3.295822 3.279484 3.252985 3.225102 3.195849 3.166060 3.135959 3.105919 3.076131 3.046337 3.013439 2.988778 3.026374 3.048433 3.052407 3.056065 3.062799 3.070913 3.080461 3.092585 3.107782 3.124922 3.142829 3.164148 3.193929 3.239644 3.302652 3.312923 3.208540 3.164218 3.151549 3.120966 3.069193 3.017483 2.993947 3.021677 3.020791 3.012390 3.009447 3.015172 3.058929 3.031599 3.022007
3.030524 3.017570 3.057586 3.120235 3.080456 3.079984 3.064548 3.057806 3.063781 3.063932 3.059629 3.047086 3.031060 3.009520 3.044454 3.053573 2.973433 2.959693 3.227061 3.313625 3.362307 3.362965 3.324227 3.277305 3.235363 3.195285 3.156268 3.117492 3.078492 3.037537 2.986926 2.951657 3.068277 3.061421 3.058660 3.061819 3.066314 3.071695 3.078215 3.086889 3.097489 3.109328 3.122113 3.136358 3.154013 3.185463 3.246287 3.205451 3.114883 3.100604 3.127179 3.092411 2.994709 3.031302 3.041688 3.066854 3.005153 3.003329 3.048749 3.033946 3.013518 3.028739 2.986575
3.054615 3.024522 3.005497 3.048726 3.021759 3.018596 3.027268 3.038367 3.046673 3.050962 3.050625 3.043712 3.010687 2.977133 2.984951 3.000063 2.972025 2.960078 3.206631 3.310494 3.381355 3.407724 3.378338 3.316541 3.264442 3.217552 3.173325 3.128900 3.083136 3.032668 2.995707 3.012975 3.060432 3.060846 3.060397 3.062460 3.065705 3.069717 3.074204 3.079738 3.086463 3.093898 3.101881 3.109947 3.116823 3.129436 3.174500 3.160396 3.189184 3.160332 3.124601 3.105118 3.067339 3.080132 3.121377 3.056924 2.991584 2.991340 3.021968 3.021490 3.005687 2.985673 2.996829
2.994774 2.999309 2.994639 3.014992 3.028628 2.999654 3.009213 3.023217 3.023494 3.049090 3.077932 3.098508 3.055085 3.003165 2.973069 2.966011 2.972015 2.993633 3.121971 3.287050 3.341018 3.340676 3.328516 3.293929 3.253248 3.212547 3.172817 3.133746 3.092303 3.026926 2.983497 3.077037 3.066106 3.062242 3.060664 3.061009 3.063039 3.066022 3.069401 3.072852 3.076893 3.081081 3.084840 3.087363 3.084134 3.074255 3.086670 3.151228 3.177988 3.181475 3.188613 3.198445 3.187338 3.139132 3.096984 3.030842 3.005863 3.013367 3.009756 2.986950 3.018606 3.012504 2.951245
3.009866 3.004474 2.987176 2.989040 3.017418 3.016623 3.014431 2.989903 2.978179 3.044262 3.054759 3.072964 3.022608 2.998146 2.981153 2.968318 2.999397 3.006270 3.074145 3.174702 3.224465 3.235389 3.231494 3.216389 3.194408 3.168202 3.139761 3.115142 3.077714 3.046301 3.053744 3.076597 3.066284 3.061040 3.058281 3.057685 3.059003 3.061506 3.064586 3.067720 3.070654 3.072976 3.074339 3.073227 3.071333 3.080188 3.116860 3.134214 3.142223 3.148451 3.152448 3.149844 3.137056 3.115351 3.083920 3.043984 3.002489 2.977345 2.949769 2.906071 2.992717 2.998635 2.991433
2.968534 2.970783 2.971471 2.985461 3.015845 3.009227 2.990368 2.989175 3.007901 3.021246 3.034024 3.002123 2.998158 2.995666 2.991542 2.993204 2.985486 2.996667 2.999020 3.030754 3.094567 3.138563 3.141830 3.134915 3.124299 3.110928 3.093792 3.073623 3.088525 3.122893 3.120203 3.090599 3.067311 3.055384 3.051324 3.051143 3.053071 3.056812 3.060671 3.064107 3.067204 3.070025 3.070843 3.075525 3.091986 3.110296 3.106013 3.109468 3.113113 3.114905 3.112678 3.105078 3.093453 3.078152 3.060142 3.038685 3.013411 2.992872 2.970128 2.941569 3.011136 3.001256 2.966527
2.979148 2.974870 3.046603 3.052926 2.994702 2.997754 3.017210 3.018346 2.999116 2.969023 3.043201 2.994998 3.021760 3.012331 2.979460 2.973527 2.966619 3.007409 2.970461 2.962913 2.987103 3.029455 3.058967 3.047919 3.050488 3.054165 3.061526 3.047826 3.010364 3.018043 3.117850 3.115432 3.082056 3.055497 3.038999 3.038451 3.048656 3.054945 3.059790 3.063602 3.066600 3.070588 3.072358 3.086879 3.109326 3.082208 3.085007 3.086473 3.086543 3.084305 3.078876 3.070320 3.059479 3.046687 3.032538 3.018078 3.001420 2.984301 2.977919 2.998995 3.034686 3.019118 2.982105
3.029912 2.987882 3.051954 3.050997 3.060571 3.064901 3.036688 3.010897 3.024095 3.034084 3.048326 3.048724 3.015300 2.986611 2.966240 2.933160 2.899294 2.912475 2.944273 2.931998 2.954657 2.990362 2.985280 2.966681 2.977377 3.013952 3.054616 3.078021 3.053389 2.997270 2.981728 3.036381 3.076029 3.074310 3.052531 3.042474 3.049295 3.056286 3.062437 3.067628 3.070784 3.074085 3.088503 3.091007 3.059692 3.067974 3.066427 3.064497 3.061939 3.057541 3.050559 3.041146 3.030064 3.017854 3.005193 2.992430 2.979560 2.967304 2.963152 2.980449 2.991820 3.012311 3.026952
3.051856 3.052360 2.987619 3.028970 3.072062 3.040554 3.010200 3.015868 3.025067 3.062976 3.007787 3.028832 3.008132 2.964760 2.958628 2.983074 2.941785 2.915733 2.943118 2.976084 2.988396 2.979566 2.973404 2.987625 2.941937 2.984292 2.990969 2.991238 3.012419 3.038659 3.023671 2.957936 3.009108 3.057653 3.080443 3.075799 3.062191 3.065609 3.071413 3.078196 3.085355 3.077812 3.073912 3.073231 3.053091 3.049556 3.046280 3.042869 3.039003 3.033886 3.026589 3.016745 3.005178 2.992267 2.978621 2.965481 2.952760 2.932938 2.927383 3.011218 3.042414 2.971031 2.997351
