asc2netcdf/tests/data/wellington-lidar-1m-dem-2013.asc
ncols        398
nrows        287
xllcorner    174.818018493000
yllcorner    -41.313597643208
cellsize     0.000010273382
NODATA_value  -9999.000000
[rows 140 to 167 of 287, columns 315 to 377 of 398]
3.255702 3.325461 3.373779 3.380075 3.370709 3.376162 3.424981 3.376553 3.413401 3.439536 3.425991 3.421296 3.464534 3.504054 3.393642 3.456621 3.459226 3.472981 3.560698 3.605273 3.505211 3.428243 3.416223 3.403331 3.409086 3.420657 3.392408 3.308654 3.288640 3.262685 3.350410 3.346471 3.316976 3.405713 3.404876 3.488680 3.479417 3.482402 3.491392 3.512011 3.529583 3.478761 3.474304 3.493542 3.521758 3.534518 3.498188 3.454711 3.498696 3.462086 3.425325 3.432183 3.485616 3.518785 3.522721 3.531714 3.337782 3.332717 3.348184 3.359297 3.369992 3.384279 3.398851
3.243111 3.226434 3.246218 3.264954 3.268159 3.352683 3.308367 3.312799 3.303712 3.354814 3.435507 3.477277 3.498127 3.603343 3.479662 3.498838 3.500662 3.479234 3.519081 3.593678 3.394889 3.332612 3.470638 3.610153 3.589905 3.497016 3.472043 3.280539 3.245778 3.204079 3.229288 3.327092 3.371076 3.305618 3.375277 3.436369 3.447516 3.464698 3.466165 3.467766 3.505099 3.533410 3.472216 3.454913 3.474277 3.474329 3.442463 3.426914 3.468230 3.439891 3.471759 3.471138 3.436729 3.398952 3.362924 3.299214 3.269707 3.296545 3.312875 3.333648 3.358326 3.376821 3.393827
3.221833 3.218919 3.200400 3.200167 3.260157 3.303133 3.339340 3.251031 3.325447 3.401342 3.390642 3.363418 3.404739 3.565708 3.584314 3.411215 3.385435 3.465353 3.510139 3.567022 3.456645 3.459266 3.556143 3.591245 3.591644 3.583972 3.505774 3.431418 3.330146 3.314913 3.384238 3.414920 3.354582 3.297863 3.389345 3.335189 3.391110 3.480992 3.469296 3.409095 3.452032 3.508342 3.339924 3.408404 3.477578 3.488115 3.480751 3.494168 3.519771 3.475477 3.477354 3.507307 3.488710 3.397522 3.297003 3.282476 3.248259 3.270838 3.303922 3.344373 3.363983 3.358928 3.384476
3.332515 3.262953 3.191334 3.207858 3.292996 3.252138 3.296876 3.276865 3.321722 3.327239 3.317346 3.353128 3.350961 3.434384 3.468099 3.372142 3.393286 3.531753 3.616659 3.568537 3.470211 3.515986 3.525760 3.470231 3.421644 3.429465 3.458847 3.510077 3.557637 3.542847 3.537053 3.530187 3.463834 3.366763 3.445567 3.400869 3.413390 3.454509 3.474445 3.458550 3.437069 3.486019 3.408169 3.401115 3.453045 3.496274 3.510039 3.528123 3.533572 3.494426 3.446437 3.469879 3.476969 3.402855 3.318189 3.349222 3.316731 3.308691 3.324325 3.377269 3.389036 3.302377 3.244219
3.242005 3.236315 3.232970 3.267969 3.278736 3.198666 3.265385 3.281910 3.231786 3.241333 3.320978 3.375484 3.404044 3.442530 3.466180 3.454984 3.451519 3.507484 3.551865 3.401817 3.457987 3.464625 3.471080 3.445061 3.426704 3.458656 3.480101 3.398950 3.567889 3.601456 3.596940 3.559874 3.483074 3.480571 3.525706 3.465993 3.469881 3.473310 3.464082 3.438703 3.380267 3.395743 3.436990 3.436883 3.428107 3.418612 3.435009 3.478469 3.433698 3.462374 3.409698 3.451566 3.420498 3.335181 3.397552 3.417894 3.384457 3.379827 3.352162 3.341271 3.340814 3.299933 3.233618
3.264825 3.274254 3.335465 3.352261 3.326068 3.339757 3.263453 3.315335 3.240607 3.213342 3.301014 3.318720 3.336962 3.359520 3.422062 3.395538 3.378769 3.383190 3.347983 3.408027 3.502048 3.497926 3.498543 3.548700 3.492910 3.325387 3.489335 3.479332 3.524951 3.508905 3.504055 3.532582 3.565373 3.584206 3.547820 3.517028 3.463111 3.449382 3.469753 3.462801 3.408019 3.364834 3.287454 3.409280 3.414496 3.373161 3.423738 3.441072 3.357991 3.441626 3.405995 3.421766 3.462905 3.446886 3.405921 3.473884 3.476251 3.419488 3.382806 3.382019 3.395358 3.389109 3.311273
3.351152 3.362978 3.391712 3.403931 3.398786 3.394759 3.333941 3.348971 3.289827 3.220501 3.219100 3.258302 3.236669 3.287309 3.300473 3.352599 3.404056 3.397682 3.372669 3.432678 3.554834 3.455907 3.491604 3.548034 3.526945 3.537688 3.594476 3.656564 3.555261 3.541553 3.490268 3.447325 3.529885 3.531779 3.551324 3.528954 3.508379 3.563937 3.588952 3.493771 3.435279 3.450845 3.332340 3.388685 3.423734 3.388184 3.367066 3.384235 3.402067 3.426173 3.412595 3.469407 3.538846 3.526656 3.473804 3.501515 3.468076 3.430276 3.411304 3.406582 3.418504 3.441078 3.418635
3.403384 3.396457 3.402742 3.422025 3.444966 3.391191 3.409142 3.401368 3.382433 3.344132 3.311679 3.321559 3.273611 3.278966 3.226460 3.228842 3.320761 3.419255 3.419255 3.432767 3.422126 3.463269 3.531866 3.515000 3.480454 3.543289 3.435508 3.543024 3.589419 3.506267 3.446200 3.479077 3.506942 3.518950 3.601305 3.591213 3.588471 3.577263 3.513626 3.447343 3.513485 3.409470 3.473610 3.481722 3.431314 3.413571 3.437133 3.378851 3.459831 3.438469 3.449831 3.528847 3.561807 3.501826 3.497840 3.557733 3.456283 3.447863 3.465982 3.486675 3.487604 3.422524 3.451443
3.404246 3.385261 3.386423 3.404500 3.422775 3.352327 3.348015 3.346889 3.307949 3.302035 3.346808 3.325104 3.409390 3.307740 3.314892 3.257771 3.227327 3.326123 3.382145 3.347863 3.347795 3.476912 3.533731 3.473605 3.425574 3.508568 3.548787 3.504997 3.524491 3.373740 3.302496 3.445719 3.582840 3.550603 3.542264 3.556243 3.536171 3.484856 3.482333 3.565437 3.563154 3.517813 3.460336 3.457809 3.406690 3.365541 3.441431 3.451590 3.354156 3.356160 3.393358 3.475134 3.554161 3.549150 3.465262 3.482364 3.445278 3.445508 3.483669 3.521281 3.534214 3.545274 3.554299
3.350031 3.333504 3.334466 3.347041 3.317052 3.283990 3.262285 3.239011 3.251355 3.298297 3.334142 3.336614 3.312903 3.206836 3.297012 3.348799 3.331580 3.314433 3.218929 3.292244 3.294251 3.317384 3.378478 3.429399 3.466021 3.539131 3.519080 3.523978 3.532075 3.547651 3.537478 3.531421 3.588699 3.540102 3.517610 3.590559 3.607163 3.543908 3.538546 3.684421 3.697502 3.545163 3.454715 3.471072 3.477961 3.455320 3.471461 3.446093 3.363181 3.457319 3.478404 3.469623 3.489853 3.505661 3.502264 3.562951 3.519088 3.481604 3.527089 3.569645 3.540263 3.590491 3.561052
3.259673 3.225626 3.245725 3.339267 3.315387 3.253897 3.289905 3.268046 3.253366 3.283966 3.308832 3.301593 3.288898 3.285336 3.317743 3.306720 3.287186 3.309778 3.266233 3.296405 3.304579 3.292686 3.284952 3.318269 3.402227 3.483320 3.419300 3.507634 3.493940 3.456878 3.451306 3.476435 3.538264 3.540396 3.441016 3.504274 3.554938 3.550372 3.556401 3.584072 3.555495 3.525563 3.550344 3.501851 3.418666 3.376568 3.368585 3.418100 3.371183 3.508013 3.494412 3.442056 3.471714 3.496535 3.481346 3.530309 3.498321 3.479079 3.518152 3.570706 3.597911 3.628761 3.614421
3.177302 3.171368 3.255145 3.296238 3.241223 3.311196 3.318774 3.305897 3.270887 3.254830 3.304621 3.290808 3.292631 3.345840 3.376690 3.334809 3.289544 3.317973 3.320330 3.341694 3.356876 3.306106 3.246839 3.254352 3.322527 3.327782 3.336460 3.411297 3.427176 3.414354 3.430234 3.468937 3.447927 3.531134 3.543404 3.469837 3.476872 3.564848 3.607998 3.565344 3.503748 3.542134 3.613463 3.529011 3.451438 3.473947 3.422576 3.510916 3.478982 3.440993 3.413095 3.398980 3.409344 3.454849 3.462209 3.432029 3.432394 3.500016 3.467918 3.422122 3.575799 3.592934 3.488607
3.194912 3.213087 3.298270 3.295903 3.305525 3.320941 3.326072 3.347102 3.320077 3.256933 3.267455 3.277783 3.293816 3.325391 3.355453 3.363193 3.357025 3.367028 3.393687 3.357800 3.324147 3.343992 3.323651 3.277011 3.286293 3.244385 3.266496 3.360335 3.442889 3.459696 3.452281 3.473772 3.486854 3.501533 3.554255 3.507564 3.520693 3.562646 3.566054 3.662172 3.592670 3.555326 3.610571 3.584280 3.517483 3.535453 3.572911 3.547611 3.547031 3.564910 3.556139 3.494006 3.463763 3.576272 3.557668 3.500080 3.403481 3.386120 3.461996 3.542293 3.546094 3.585733 3.477064
3.283653 3.262800 3.309076 3.320732 3.324951 3.322039 3.319448 3.300751 3.281830 3.291942 3.313200 3.297589 3.267466 3.273383 3.311517 3.327822 3.302100 3.298491 3.411047 3.332424 3.335410 3.346148 3.312747 3.299203 3.364034 3.331442 3.347982 3.355330 3.301841 3.282212 3.334363 3.412214 3.536868 3.573211 3.511729 3.551928 3.511275 3.428681 3.503210 3.596968 3.588788 3.544561 3.638364 3.568828 3.470594 3.558695 3.508452 3.614467 3.646691 3.687485 3.637279 3.551869 3.558351 3.610852 3.579439 3.544846 3.490765 3.490214 3.526079 3.533330 3.508475 3.514637 3.528486
3.387593 3.306590 3.322186 3.320077 3.316011 3.306844 3.309282 3.285260 3.281230 3.332271 3.357102 3.281644 3.259952 3.258225 3.254730 3.253356 3.268743 3.303364 3.313893 3.348444 3.374006 3.382427 3.359268 3.329763 3.350740 3.401438 3.409461 3.381313 3.374146 3.366414 3.339378 3.324873 3.300853 3.479764 3.458798 3.460679 3.477467 3.478290 3.481033 3.395123 3.520706 3.592724 3.610648 3.594753 3.599181 3.645483 3.665940 3.625156 3.562959 3.589380 3.553803 3.526150 3.598218 3.541733 3.470420 3.513410 3.549346 3.570749 3.550787 3.495304 3.478219 3.473467 3.496189
3.403728 3.339830 3.325935 3.316622 3.312516 3.312850 3.316422 3.323470 3.356171 3.397033 3.346412 3.282197 3.252687 3.222980 3.250581 3.235178 3.177971 3.353057 3.364838 3.313980 3.322114 3.337228 3.360857 3.392267 3.375053 3.408750 3.237232 3.280349 3.437039 3.490673 3.431203 3.438645 3.468463 3.454994 3.386285 3.428409 3.457251 3.453820 3.533165 3.377860 3.414569 3.566176 3.587144 3.536880 3.535649 3.580107 3.594819 3.667438 3.664166 3.649824 3.645943 3.629648 3.580631 3.547264 3.493344 3.537063 3.627617 3.595911 3.464088 3.405551 3.483882 3.507654 3.470154
3.325784 3.308032 3.299978 3.296658 3.296257 3.297440 3.300101 3.305609 3.316513 3.320562 3.283321 3.228819 3.202965 3.217534 3.278279 3.289514 3.208792 3.213218 3.311947 3.287687 3.289361 3.318208 3.339484 3.345513 3.371565 3.433914 3.378909 3.465634 3.512095 3.488904 3.467116 3.441697 3.434278 3.340500 3.406175 3.408710 3.369705 3.418769 3.497159 3.470069 3.446434 3.494975 3.512784 3.511857 3.504530 3.473580 3.543309 3.553990 3.620040 3.684086 3.711413 3.666526 3.580590 3.662223 3.690004 3.655645 3.614386 3.576080 3.530256 3.507191 3.616558 3.570063 3.501029
3.270545 3.273962 3.274294 3.274970 3.276183 3.277004 3.276047 3.273461 3.270422 3.265415 3.246967 3.176536 3.165436 3.177369 3.197345 3.210829 3.218990 3.271110 3.307249 3.279441 3.268177 3.295475 3.338612 3.359264 3.331148 3.364574 3.383469 3.380136 3.411131 3.443300 3.433672 3.453791 3.470942 3.415401 3.491643 3.425257 3.356371 3.449109 3.441459 3.398837 3.430147 3.441560 3.425219 3.482125 3.574525 3.503785 3.498215 3.466924 3.567938 3.660310 3.666424 3.656446 3.722928 3.674500 3.673082 3.666460 3.629959 3.612195 3.611788 3.585056 3.600169 3.479704 3.439249
3.247543 3.254323 3.256953 3.257938 3.258076 3.256576 3.253231 3.246838 3.238147 3.229986 3.220576 3.162286 3.160514 3.153562 3.187562 3.276972 3.333979 3.297758 3.258543 3.240696 3.244884 3.270742 3.309053 3.329437 3.305786 3.321540 3.342071 3.363831 3.361038 3.359649 3.404534 3.437046 3.432494 3.478959 3.493376 3.474161 3.471126 3.479857 3.426489 3.381203 3.451416 3.444376 3.411538 3.441975 3.524845 3.563400 3.585203 3.535327 3.574643 3.661955 3.679296 3.645862 3.697114 3.545833 3.734781 3.749895 3.593235 3.528939 3.653735 3.721910 3.518288 3.493449 3.559497
3.240340 3.244503 3.245653 3.245376 3.244255 3.241024 3.234731 3.224563 3.209822 3.194556 3.202152 3.166509 3.222496 3.281376 3.334411 3.371465 3.343388 3.317866 3.316132 3.307480 3.316519 3.297828 3.260488 3.282330 3.291293 3.309052 3.307476 3.356730 3.341884 3.294914 3.362806 3.429687 3.395501 3.376486 3.430500 3.488204 3.492150 3.484897 3.555045 3.446035 3.420193 3.410579 3.358608 3.291212 3.309154 3.489895 3.532267 3.660540 3.705511 3.736408 3.699478 3.570055 3.542142 3.533200 3.689782 3.661199 3.523696 3.551788 3.746516 3.745688 3.676137 3.630045 3.624746
3.243378 3.243101 3.240453 3.236584 3.232688 3.228831 3.221232 3.206145 3.188840 3.178057 3.116232 3.226997 3.253502 3.311562 3.378791 3.369085 3.336778 3.331964 3.361415 3.349628 3.337549 3.308619 3.275739 3.289720 3.266058 3.280867 3.306438 3.312674 3.306470 3.296698 3.293976 3.376137 3.376544 3.369154 3.413900 3.469699 3.473369 3.453572 3.567838 3.483958 3.450085 3.410202 3.420594 3.448602 3.449971 3.544467 3.539402 3.482871 3.532523 3.646701 3.648124 3.523297 3.564754 3.503782 3.614967 3.645000 3.592727 3.610456 3.733099 3.754360 3.750951 3.693517 3.740966
3.258562 3.253016 3.245227 3.236193 3.227183 3.219925 3.213915 3.200099 3.180913 3.174405 3.040048 3.231727 3.236025 3.239693 3.302565 3.317992 3.300204 3.309191 3.318222 3.316767 3.309017 3.303369 3.303037 3.304690 3.308628 3.334294 3.297287 3.309008 3.325089 3.307221 3.330647 3.313323 3.354269 3.366141 3.451976 3.538389 3.568364 3.597290 3.584046 3.528314 3.462380 3.523207 3.557928 3.518137 3.530820 3.551427 3.495374 3.468981 3.445170 3.446489 3.460731 3.467220 3.554822 3.584641 3.514659 3.545805 3.563733 3.558229 3.616947 3.667088 3.680646 3.653147 3.690239
3.286648 3.274399 3.260238 3.245324 3.231019 3.220286 3.225277 3.217927 3.175579 3.174316 3.176592 3.302799 3.270073 3.180474 3.174974 3.239981 3.247134 3.294386 3.304398 3.305149 3.306420 3.309562 3.314452 3.321626 3.333481 3.351614 3.388386 3.371035 3.320207 3.297841 3.298139 3.288078 3.259756 3.322654 3.447013 3.520988 3.521421 3.547398 3.537075 3.571661 3.558394 3.544891 3.552687 3.541418 3.480807 3.507857 3.488644 3.473306 3.428047 3.429379 3.483932 3.509865 3.521428 3.533751 3.475281 3.541099 3.580422 3.525336 3.512169 3.627364 3.660352 3.670469 3.695413
3.324415 3.303958 3.281748 3.259340 3.238023 3.221649 3.212753 3.209286 3.208319 3.210630 3.303651 3.367708 3.279799 3.184780 3.192082 3.256166 3.283634 3.287035 3.286623 3.290009 3.295983 3.302704 3.310212 3.318837 3.328903 3.341618 3.358294 3.374906 3.371276 3.334275 3.295506 3.312545 3.278657 3.348737 3.480126 3.531206 3.481346 3.495960 3.476436 3.538376 3.510577 3.507859 3.546789 3.568823 3.563685 3.551086 3.537301 3.591750 3.502615 3.426100 3.480825 3.495503 3.491205 3.458727 3.458067 3.456806 3.489246 3.549368 3.578193 3.654431 3.648787 3.696745 3.722761
3.370472 3.337987 3.303806 3.268965 3.233276 3.183928 3.143400 3.132926 3.152998 3.251045 3.405058 3.412557 3.417562 3.360754 3.244570 3.215740 3.248358 3.258934 3.267231 3.275469 3.283830 3.292274 3.300883 3.309700 3.319097 3.329072 3.339490 3.352815 3.357033 3.339192 3.308467 3.288145 3.220527 3.315940 3.441634 3.485989 3.470063 3.431496 3.377068 3.510117 3.554061 3.559526 3.567603 3.568506 3.564833 3.557783 3.553426 3.597875 3.603793 3.566586 3.513515 3.469932 3.503676 3.472231 3.430500 3.378825 3.402286 3.499555 3.560765 3.630879 3.648843 3.682318 3.632544
3.429138 3.377219 3.325965 3.273706 3.217595 3.149031 3.121077 3.109197 3.020323 3.198027 3.297618 3.309082 3.294360 3.258946 3.206711 3.182112 3.223102 3.239971 3.251432 3.261515 3.271288 3.280917 3.290362 3.299526 3.308354 3.316709 3.323851 3.328158 3.326301 3.301354 3.222816 3.238609 3.238855 3.355868 3.435575 3.428796 3.432352 3.440976 3.476740 3.529150 3.605700 3.622665 3.593128 3.586745 3.578850 3.567347 3.553313 3.526813 3.567072 3.643617 3.651931 3.570718 3.648851 3.604533 3.546272 3.534870 3.490352 3.411568 3.467508 3.489943 3.563125 3.543611 3.589322
3.468198 3.399712 3.334139 3.268570 3.198825 3.141772 3.142245 3.153187 3.044625 3.173808 3.245299 3.275362 3.246807 3.194488 3.171911 3.186040 3.207106 3.223128 3.236146 3.247558 3.258271 3.268726 3.279023 3.288974 3.298246 3.306057 3.311576 3.312847 3.297235 3.251235 3.201309 3.250745 3.340314 3.455597 3.471814 3.398717 3.381128 3.419075 3.494421 3.568815 3.587572 3.590370 3.602027 3.601969 3.600255 3.588388 3.562494 3.518509 3.530269 3.576211 3.575776 3.559932 3.651013 3.612561 3.611489 3.658514 3.632994 3.511089 3.483178 3.509351 3.502039 3.568575 3.592038
3.439520 3.376536 3.308985 3.239391 3.165375 3.118768 3.134086 3.192543 3.206823 3.227032 3.249488 3.297286 3.283850 3.215581 3.170867 3.177623 3.193845 3.208789 3.222413 3.234881 3.246415 3.257300 3.267830 3.278047 3.288175 3.297331 3.303288 3.304114 3.280596 3.225485 3.259643 3.339897 3.453035 3.446130 3.372751 3.357757 3.415615 3.445899 3.513408 3.521789 3.513512 3.537371 3.582138 3.605269 3.623523 3.620232 3.599912 3.537462 3.544871 3.585084 3.558229 3.624422 3.541324 3.528372 3.634545 3.687849 3.622914 3.540370 3.522059 3.546597 3.512242 3.531231 3.551095
