asc2netcdf/tests/data/wellington-lidar-1m-dem-2013.asc
ncols        398
nrows        287
xllcorner    174.818018493000
yllcorner    -41.313597643208
cellsize     0.000010273382
NODATA_value  -9999.000000
[rows 196 to 223 of 287, columns 0 to 62 of 398]
2.909244 2.886866 2.916863 2.891538 2.847857 2.874673 2.872232 2.847202 2.843374 2.852302 2.854155 2.912369 2.961432 3.032863 3.156904 3.255389 3.287784 3.279244 3.256411 3.258393 3.220012 3.161481 3.109240 3.072844 3.050194 3.038153 3.034252 3.036570 3.045119 3.061252 3.088150 3.130060 3.177485 3.172060 3.145498 3.039056 2.976041 2.959700 2.961691 2.996052 2.981044 2.953499 2.963637 2.920698 2.863228 2.853713 2.885757 2.924144 2.989955 3.049123 3.112015 3.157833 3.163218 3.131487 3.098700 3.068631 3.040719 3.015132 2.992014 2.971313 2.953007 2.937274 2.923680
2.972950 2.925262 2.898986 2.895082 2.854077 2.853368 2.851820 2.819530 2.841764 2.909066 2.936501 2.982224 3.036839 3.105916 3.233155 3.257920 3.198676 3.192767 3.170456 3.137625 3.106823 3.079378 3.052425 3.032136 3.023372 3.015203 3.019044 3.026954 3.042656 3.068570 3.106468 3.156661 3.198838 3.116810 3.136191 3.134404 3.116520 3.089454 3.042249 2.964880 2.960583 2.965145 2.928221 2.894152 2.893056 2.899462 2.863106 2.781301 2.947106 2.997434 3.025984 3.059064 3.073803 3.067603 3.048857 3.029731 3.010324 2.991905 2.974998 2.959759 2.946120 2.933643 2.922445
2.943150 2.924212 2.953959 2.941838 2.921292 2.946490 2.892776 2.857986 2.841718 2.841895 2.901032 2.960221 3.040846 3.166491 3.234957 3.225133 3.171374 3.109633 3.073413 3.027259 2.961001 2.938166 2.962930 3.011094 3.042415 3.005782 2.982198 2.997230 3.021055 3.054094 3.098629 3.126366 3.083625 3.066758 3.078231 3.119174 3.151453 3.163238 3.155473 3.123319 3.105240 2.988655 2.944471 2.939771 2.936922 2.932364 2.915619 2.868946 2.873658 2.841229 2.844202 2.898371 2.963238 2.995972 2.997908 2.991654 2.980900 2.969151 2.958242 2.948238 2.938300 2.928534 2.919844
2.988195 2.961840 2.944993 2.957144 2.987400 2.914566 2.887555 2.829628 2.795889 2.841260 2.875649 2.928241 3.054399 3.133833 3.121122 3.092190 3.086934 3.056446 2.996621 2.950282 2.900585 2.914862 2.962838 3.000362 3.016608 2.995169 2.973572 2.953955 2.963958 2.973886 2.994233 3.036402 3.002806 3.094418 3.094824 3.090806 3.037891 3.019130 3.129033 3.210437 3.262300 3.167185 3.117134 3.051953 2.997078 3.002122 2.980622 2.960568 2.935645 2.914141 2.897010 2.886235 2.891401 2.920954 2.942784 2.952070 2.952452 2.947965 2.942608 2.937464 2.930672 2.923811 2.918194
2.949934 2.946295 2.944591 2.956989 2.936193 2.949382 2.962878 2.879406 2.833577 2.906731 2.950666 3.063764 3.157484 3.136965 3.073161 3.049720 3.049305 2.983036 2.944953 2.887607 2.929203 2.973230 2.964050 2.930504 2.931942 2.965417 2.933568 2.957996 3.011698 3.022880 2.985257 2.962726 2.997775 3.058790 3.065826 3.000988 2.972023 3.034108 3.134314 3.218366 3.296229 3.350629 3.322877 3.208270 3.102377 3.080905 3.059007 3.036315 3.010322 2.985169 2.962396 2.943651 2.930152 2.920544 2.908679 2.918801 2.931072 2.933923 2.931216 2.929800 2.926529 2.922604 2.919665
2.972366 2.954707 2.871655 2.934165 2.936064 2.984182 2.948295 2.915778 2.906694 2.917883 3.054685 3.173608 3.267707 3.176488 3.086491 3.066323 3.019857 2.896020 2.941987 2.938856 2.969385 2.987733 2.971850 2.942739 2.931341 2.928195 2.946647 2.993876 3.012534 3.032694 3.056315 3.016071 2.975094 2.963844 2.874140 2.901865 2.993024 3.062707 3.137408 3.206419 3.271199 3.330177 3.347941 3.283889 3.191939 3.158796 3.127278 3.089592 3.054160 3.022616 2.995698 2.973621 2.956206 2.942966 2.931569 2.921409 2.923239 2.924911 2.925071 2.928695 2.929485 2.924865 2.922147
2.985565 2.932275 2.884000 2.953191 2.987070 3.030547 2.909463 2.857188 2.922022 2.979985 3.156977 3.289073 3.336283 3.177026 3.057939 3.034328 2.991158 2.950493 2.931540 2.959362 2.989966 2.998643 2.992964 2.988216 2.986986 2.974056 2.967302 3.004715 2.980226 2.958915 3.011076 3.053370 3.015553 2.938578 2.875370 2.914078 3.001088 3.070883 3.133548 3.189755 3.244030 3.296131 3.350607 3.338756 3.266205 3.219921 3.166792 3.119290 3.078005 3.043364 3.014687 2.990751 2.970634 2.954143 2.940303 2.928726 2.921731 2.919787 2.920365 2.922803 2.932457 2.925225 2.918424
2.927456 2.933273 2.914077 2.973470 2.999131 3.006015 2.925640 2.895562 2.960772 3.086822 3.414544 3.428751 3.434342 3.243363 3.065673 2.998408 2.949648 2.939477 2.993147 2.979634 2.926272 2.943591 3.005438 3.030860 3.066566 3.090896 3.156935 3.098879 3.015548 2.958735 2.923420 2.945094 3.005660 2.985410 2.958248 2.976186 3.026624 3.077513 3.128541 3.168079 3.207653 3.249783 3.311823 3.342417 3.306831 3.240104 3.178892 3.127910 3.085720 3.051152 3.022107 2.997334 2.976827 2.959835 2.945156 2.933108 2.924417 2.919450 2.916028 2.911080 2.901700 2.842297 2.853853
2.997773 2.985952 2.984716 2.936593 2.940769 2.978280 2.962758 2.973701 3.077325 3.222640 3.387191 3.416162 3.379028 3.304037 3.198191 3.071985 2.980603 3.010436 3.067368 3.040150 2.966459 2.932498 2.965077 3.025840 3.094966 3.121669 3.138315 3.117002 3.036212 2.962123 2.962941 2.951732 2.923882 3.013141 3.028637 3.046010 3.094112 3.126751 3.126516 3.129401 3.140382 3.144498 3.204351 3.270686 3.267697 3.220572 3.168345 3.120569 3.081203 3.048333 3.020361 2.996876 2.977494 2.960925 2.946239 2.934193 2.924958 2.918803 2.915009 2.910822 2.901418 2.883574 2.863104
3.118750 3.068082 3.025337 2.996364 2.942843 2.986607 2.996733 3.048788 3.198938 3.308296 3.327868 3.324572 3.302893 3.272352 3.185373 3.075619 3.049783 3.026531 3.124355 3.137524 3.032460 2.946104 2.949871 2.986443 3.017270 3.038249 3.065040 3.093784 3.044643 2.985619 3.015896 2.978205 2.990244 3.009216 2.999187 2.997028 3.049140 3.115931 3.045466 3.081696 3.089122 3.071100 3.114128 3.182046 3.193707 3.178566 3.140661 3.100513 3.066220 3.036917 3.011778 2.990801 2.972972 2.957599 2.944191 2.933311 2.925246 2.920347 2.918233 2.917109 2.914035 2.910688 2.898567
3.174580 3.178059 3.042463 2.956522 2.990452 3.006111 3.027274 3.088266 3.174042 3.237496 3.261265 3.254627 3.227946 3.194528 3.118615 3.041096 3.079887 3.103438 3.168153 3.130957 3.063252 2.999233 2.967875 3.006604 3.036131 3.012354 3.013473 2.994083 2.997373 3.024281 3.003673 2.977673 3.014427 3.021932 3.081064 3.053305 3.003288 3.102501 3.097448 3.089823 3.157980 3.107171 3.084041 3.121659 3.119891 3.130731 3.105408 3.071986 3.043455 3.019157 2.997703 2.979665 2.964284 2.951174 2.939919 2.931207 2.925445 2.922834 2.922999 2.924611 2.925280 2.926142 2.926794
3.136643 3.148305 3.135393 2.966438 2.969590 3.035798 3.061094 3.075206 3.143643 3.195579 3.216781 3.194028 3.156827 3.109763 3.056902 3.035647 3.085340 3.059241 3.104052 3.110318 3.100385 3.061852 2.993757 2.959185 3.006224 3.006660 2.986832 2.943489 2.962276 3.016141 2.977903 3.047010 2.984698 3.061667 3.132159 3.100526 3.039384 3.095359 3.312969 3.321785 3.299296 3.182640 3.081794 3.049580 3.039450 3.062978 3.074244 3.043056 3.017100 2.998472 2.980592 2.965716 2.953114 2.942457 2.934216 2.928813 2.926424 2.926797 2.929178 2.932402 2.935412 2.940980 2.951804
3.116926 3.124015 3.110042 3.037516 2.988999 3.051630 3.093018 3.075788 3.069879 3.064276 3.106234 3.119386 3.095417 3.052420 3.020827 3.017704 3.029019 3.017819 3.062813 3.078146 3.069436 3.044671 2.997026 2.941612 3.016936 2.975515 2.968290 2.956781 2.945107 2.956570 2.970665 2.957016 2.911961 3.058062 3.154348 3.174637 3.166270 3.121615 3.214658 3.332281 3.289783 3.198387 3.117625 3.052209 3.002689 2.981480 2.999703 3.024648 3.002381 2.972005 2.962402 2.948482 2.938896 2.932016 2.928631 2.928067 2.929901 2.933350 2.937153 2.940378 2.944143 2.953873 2.962432
3.108963 3.118989 3.113669 3.041486 2.993515 3.027245 3.071817 3.056155 2.972877 2.846625 2.920942 3.011561 3.000192 2.971612 2.981189 2.993665 3.010976 3.039044 3.056692 3.053282 3.039556 3.026094 3.015294 3.008221 3.029779 3.013678 2.961928 2.933474 2.943422 2.961421 2.967296 2.973484 3.100501 3.150717 3.176339 3.208542 3.228149 3.237262 3.295352 3.290931 3.241942 3.179063 3.118403 3.064493 3.018059 2.979241 2.929518 2.987104 3.006594 2.961895 2.913890 2.920245 2.922471 2.923556 2.927248 2.932149 2.937030 2.941142 2.944317 2.947355 2.951698 2.962103 2.969622
3.108476 3.123502 3.131978 3.011626 3.001876 3.025054 3.032996 3.020737 2.981403 2.917234 2.916179 3.039436 3.035063 2.983893 2.967822 2.942861 2.981808 3.043367 3.057811 3.041835 3.029497 3.033534 3.043175 3.059473 3.078786 3.065108 2.985960 2.915963 2.895074 2.901159 2.913540 2.998654 3.087905 3.141669 3.181484 3.222419 3.262763 3.298945 3.316616 3.268945 3.211132 3.156851 3.109157 3.069194 3.035993 3.009875 2.992965 2.973558 2.988632 2.991324 2.964809 2.960936 2.923813 2.928833 2.935804 2.940675 2.943887 2.946351 2.949014 2.951501 2.954108 2.911071 2.932594
3.110676 3.132155 3.166615 3.045232 3.013824 3.013368 3.008427 3.002642 2.993493 2.998487 3.019459 3.033334 3.032122 3.023332 2.999227 2.953732 2.939939 2.993767 3.048131 3.041101 3.021431 3.039085 3.086019 3.123582 3.123109 3.092861 3.061997 3.029094 3.009943 3.023429 3.022598 3.031655 3.085522 3.134012 3.171798 3.206859 3.243601 3.279685 3.272583 3.228022 3.178881 3.135457 3.098356 3.066439 3.039752 3.018445 3.001952 2.989508 2.983211 2.991122 3.006526 3.003919 2.994834 2.943124 2.940448 2.949459 2.952623 2.954990 2.955708 2.954509 2.953946 3.005844 2.999914
3.108072 3.125378 3.120387 3.053559 3.025959 3.017812 3.009267 2.999806 2.988030 2.969109 2.992059 2.999138 2.991379 2.972089 2.928253 2.858553 2.875830 2.954347 3.012883 3.093203 3.108536 3.070461 3.139506 3.162092 3.119012 3.088616 3.071673 3.048750 3.059258 3.138494 3.124524 3.105181 3.109863 3.128444 3.152060 3.176833 3.201688 3.222180 3.212697 3.183959 3.147914 3.113207 3.083074 3.057229 3.035648 3.017768 3.002788 2.991342 2.985806 2.988147 2.997968 3.012169 3.027298 3.071557 3.032609 2.987984 2.975069 2.974124 2.971462 2.965365 2.974980 3.008652 3.033486
3.101961 3.111407 3.043382 3.036600 3.032884 3.024975 3.017855 3.010970 3.002346 2.985285 2.962499 2.973875 2.971771 2.938721 2.889688 2.842873 2.879886 2.934510 3.036304 3.159498 3.161904 3.062276 3.086434 3.065090 3.053750 3.064600 3.063905 3.058273 3.102629 3.200982 3.129326 3.109685 3.114127 3.125313 3.137261 3.150112 3.163108 3.173035 3.163602 3.143642 3.117559 3.090440 3.065935 3.045121 3.027287 3.011810 2.998983 2.989909 2.985940 2.988161 2.996759 3.010208 3.023189 3.043127 3.088872 3.067289 3.004081 2.990543 3.003788 2.996876 2.955549 2.940768 3.004498
3.093695 3.064608 3.051384 3.042511 3.033996 3.027283 3.023709 3.023374 3.024124 3.010516 2.958086 2.914848 2.931759 2.941955 2.895533 2.949535 2.968592 2.958736 2.985024 3.013168 3.013851 2.997984 2.991695 2.958818 2.974721 2.986104 3.007058 3.078632 3.184093 3.224244 3.169932 3.135335 3.126244 3.126249 3.126688 3.126785 3.127598 3.131148 3.121523 3.105981 3.086763 3.066298 3.047087 3.030529 3.015850 3.002882 2.992659 2.985599 2.982487 2.984246 2.990999 3.000743 3.007868 3.015693 3.026103 3.033122 3.017112 3.001172 3.102859 3.123697 3.069245 3.045305 3.039498
3.081283 3.057108 3.055595 3.042428 3.030152 3.024814 3.027082 3.036120 3.051792 3.089472 3.086806 3.008721 2.935509 2.901891 2.901115 2.965251 2.932300 2.897680 2.924290 2.960243 2.973410 2.966873 2.921798 2.900489 2.961189 2.945801 2.957307 3.075566 3.216542 3.213053 3.189591 3.160306 3.142614 3.131103 3.119498 3.105900 3.092581 3.089766 3.081564 3.070413 3.056685 3.041670 3.027256 3.014618 3.002990 2.992711 2.984341 2.978197 2.975292 2.976564 2.981570 2.987386 2.990979 2.994291 2.996001 2.991624 2.965043 2.960993 3.168596 3.237643 3.183159 3.103991 3.043454
3.087982 3.098891 3.051219 3.025776 3.014235 3.012684 3.023119 3.043962 3.076883 3.153809 3.228994 3.182190 3.059036 2.964260 2.942601 2.951144 2.900198 2.969923 2.993798 2.974047 2.956172 2.938616 2.918203 2.920202 2.945524 2.941295 3.029778 3.170991 3.229665 3.247718 3.194168 3.192908 3.175073 3.146248 3.118976 3.090738 3.061194 3.035027 3.038819 3.037070 3.028945 3.018631 3.007819 2.998654 2.989895 2.981532 2.973924 2.968456 2.966218 2.967091 2.969546 2.971469 2.972955 2.974265 2.974657 2.949234 2.922633 2.985810 3.166037 3.252384 3.194582 3.105248 3.021181
3.104600 3.045110 3.006258 2.998565 2.993664 2.992401 3.010360 3.048924 3.100249 3.154413 3.204319 3.219198 3.172497 3.094626 3.044604 2.955734 2.951406 2.975930 2.971026 2.947212 2.928901 2.925547 2.924189 2.928443 2.929427 3.014988 3.115228 3.180184 3.234423 3.250776 3.185867 3.231540 3.225782 3.183335 3.142347 3.100774 3.057621 3.019251 3.015737 3.018240 3.011490 2.997947 2.988272 2.982198 2.976565 2.969702 2.963440 2.959697 2.958284 2.957610 2.956560 2.955143 2.954207 2.953980 2.952534 2.952028 2.972424 3.041094 3.165196 3.198879 3.145448 3.066311 2.985431
3.111582 3.034525 3.018945 3.024137 3.028457 3.030154 3.040893 3.072206 3.115700 3.111320 3.128610 3.142444 3.164324 3.188656 3.137418 2.982015 3.103382 3.068895 2.977616 2.919839 2.902144 2.891006 2.944233 2.940440 2.959863 3.053650 3.141023 3.167827 3.174558 3.173578 3.252874 3.272034 3.246734 3.206951 3.163298 3.111157 3.053446 3.007020 2.940565 2.940769 2.953618 2.956406 2.974310 2.968454 2.967236 2.962351 2.957450 2.953919 2.950859 2.947190 2.943297 2.939322 2.936070 2.931140 2.948968 3.000563 3.042505 3.016514 3.100053 3.120832 3.084212 3.021258 2.950056
2.975224 3.027956 2.967705 2.965747 3.021228 3.088009 3.111372 3.034297 3.112150 3.047513 3.044909 3.069800 3.086321 3.129961 3.238715 3.164021 3.178520 3.234650 3.120957 2.955712 2.904453 2.892474 2.931193 2.998702 2.987990 3.052149 3.166523 3.211265 3.158783 3.188937 3.284055 3.282866 3.241863 3.197541 3.153989 3.109371 3.062800 3.017523 2.992064 2.982921 2.973874 2.966573 2.959400 2.916661 2.961895 2.962311 2.953978 2.948121 2.943392 2.938539 2.933685 2.927292 2.916992 2.906304 2.928600 2.966832 2.965966 2.919852 3.009587 3.065429 3.038373 2.976674 2.911592
3.006065 3.020245 2.968439 3.006220 3.053074 3.047243 3.033655 3.045116 3.112283 3.161563 3.092181 3.034050 3.018992 3.010746 3.109190 3.181628 3.228940 3.256454 3.198479 3.074102 2.984123 2.992439 2.972174 3.009346 3.014141 3.017807 3.086980 3.207804 3.260716 3.252163 3.269947 3.249039 3.216296 3.184678 3.152718 3.121530 3.092760 3.068352 3.055423 3.038634 3.017466 2.996345 2.976196 2.954760 2.949682 2.974633 2.964875 2.944339 2.939547 2.939060 2.936561 2.929767 2.916307 2.934018 2.954056 2.966903 2.986533 2.973312 2.995996 3.050196 3.008395 2.935156 2.877218
3.010716 3.015142 3.005027 3.040024 3.072948 3.073985 3.075598 3.086907 3.066239 3.087717 3.073096 3.057179 3.037142 2.990897 2.998269 3.034393 3.069930 3.144788 3.172912 3.129817 3.060719 2.982932 2.952747 2.998973 3.061139 3.045960 3.037275 3.143501 3.255595 3.255866 3.241682 3.222779 3.200558 3.176074 3.151029 3.126158 3.101551 3.079121 3.059037 3.043671 3.029271 3.013131 2.998363 2.986424 2.974995 2.963419 2.986319 2.980151 2.946825 2.978264 2.975634 2.972682 2.979512 3.003880 3.009234 2.985289 2.964502 2.986080 2.946648 2.970507 2.946885 2.902427 2.861696
3.085482 3.081064 3.077682 3.076444 3.073863 3.066795 3.056706 3.055307 3.075018 3.090490 3.096208 3.083280 3.046619 3.003159 3.020791 2.955015 2.965872 3.007297 3.067873 3.118451 3.123292 3.122953 2.950361 3.039210 3.104236 3.091024 3.092494 3.164387 3.224120 3.228361 3.220441 3.206724 3.189605 3.170678 3.150724 3.129367 3.108079 3.088095 3.069826 3.053894 3.039289 3.024624 3.009816 2.995579 2.982107 2.967866 2.964929 2.965357 2.982880 3.043119 3.045995 3.024972 3.006700 3.006624 3.055783 3.077079 2.958015 2.946003 2.915498 2.915640 2.912446 2.893873 2.847571
3.102917 3.091054 3.081734 3.073949 3.065835 3.054944 3.040605 3.028441 3.019117 3.005236 3.058254 3.114662 3.084552 3.006214 3.042343 3.009612 3.022941 3.033143 3.043963 3.085906 3.154375 3.147939 3.076938 3.066818 3.063651 3.088873 3.144099 3.180957 3.195760 3.203273 3.201724 3.193636 3.181664 3.167555 3.151543 3.132825 3.114234 3.096061 3.078644 3.062452 3.047208 3.031960 3.015927 2.999902 2.983976 2.969358 2.959298 2.953137 2.950957 2.952655 2.931464 2.930522 2.945065 2.982755 3.067130 3.140755 3.076484 2.971287 3.026076 3.051927 3.004016 2.899081 2.756724
