data/testdata2.asc
ncols         279
nrows         271
xllcorner     166
yllcorner     -47.6
cellsize      0.05
NODATA_value  -9999
[rows 192 to 223 of 271, columns 73 to 145 of 279]
-0.3751906 -1.380946 1.231683 0.2421711 -1.734641 -0.4896456 -0.3664652 -1.381195 0.8461197 -0.5300614 -0.4495266 0.2426091 0.8644544 -0.3090457 -0.8863712 0.1353349 -2.110206 0.7480557 -1.791259 0.2009587 -0.01273324 -0.0747591 1.535265 2.237582 0.07386968 -0.5209001 1.205503 1.206614 -0.460944 -0.7117258 -0.3395611 1.394132 -0.6416012 -1.863974 -1.102196 -0.9344308 0.7313523 -1.148929 -0.8736777 0.2649621 -0.383003 0.4258682 0.008606485 -0.9629969 0.6782411 1.15857 1.681496 0.349767 0.6184719 -0.1176273 0.1025274 -0.2742386 -0.9576294 -9.052944e-005 -0.6907408 0.04919181 -0.7361503 -0.1038265 1.821276 -0.06985081 0.02818298 -0.4056464 1.340489 0.5158788 0.06478941 0.5244793 -0.4809467 -1.290257 -9999 -9999 -9999 -9999 -9999
-2.825005 -1.530653 -2.085175 0.145565 0.2268771 -0.7298491 0.1061846 -2.776547 0.4978102 0.5844959 -0.3487041 0.2673109 -0.7299547 -1.717621 0.5000578 1.233343 -1.674033 -0.5131473 0.9035892 -1.377171 1.333421 0.9346156 -0.418271 -0.3234488 0.7124798 0.7058164 1.448047 -0.1766866 1.034855 0.2989255 0.06714239 1.491195 -1.24926 1.160308 -1.263111 0.6672633 -0.2078977 -0.4948693 -1.597732 0.3135881 0.3818692 0.3224139 -0.1696952 2.002855 0.1967162 -0.8165585 0.5597723 1.117079 0.1907604 1.41937 1.816993 -2.34878 0.07865627 -0.03752541 0.1362354 -0.06359015 -0.879098 1.234772 -1.565333 2.916171 -2.692241 0.4962629 0.8122361 -0.8397077 1.039388 1.062639 1.326172 -1.421235 -0.0740215 -9999 -9999 -9999 -9999
-2.104765 0.9241277 0.2260676 0.8723732 0.08599494 -0.4413896 0.060326 -0.3295914 -0.0657808 -1.261337 0.69521 -1.445048 0.7379017 0.5584307 -0.6345576 0.5086899 2.014461 0.8465821 -1.47459 -1.151495 -1.25877 -0.4826311 0.0056011 2.477517 -0.4903835 -1.143985 1.846071 -0.6797531 -0.3460441 -1.111836 0.1168685 -0.3814983 0.6543592 -0.5537007 0.1780601 -0.08866037 -0.4833129 -1.495192 0.4493579 1.221606 1.842227 -1.05215 0.1740262 -1.618079 2.488191 -0.1861157 0.9460183 -0.1054977 1.748316 -0.5179449 -0.3229049 -1.306245 -0.2912341 -1.659306 -0.3992693 0.7016354 -1.194615 -0.6316231 -1.504158 1.912095 -0.01259341 -0.2057795 -0.7345024 -0.3353353 -0.2189588 -9999 -0.370113 -1.474947 -0.5420166 -9999 -9999 -9999 -9999
-0.2075913 -0.1594867 0.3372464 -1.36953 0.7109429 -0.3313221 -1.18198 -1.425225 1.026743 -1.349995 -1.680875 -1.287089 -0.9044743 0.6766073 0.08025511 0.07956629 -2.361287 -1.311064 -0.09755801 0.1685319 -1.369922 0.03089199 0.4218745 -0.8389567 0.3094438 0.1433244 -1.414727 -0.51464 0.993183 1.575209 0.7095768 0.4188708 -0.06695075 -0.3722972 -0.2705825 0.6797782 -0.313512 -0.6084077 0.210583 -0.1283266 0.4034616 1.572277 -0.8924468 -2.085893 0.4983277 1.409966 1.389897 -0.5861326 -0.4247239 0.439871 0.995499 1.426374 1.24999 0.2446614 0.07112376 0.06403447 0.657278 -0.7784931 -0.4995091 -0.7180603 -1.813251 -2.658904 1.11527 4.142522 -1.29022 -9999 -2.345447 1.055619 -0.2954197 -9999 -9999 -9999 -9999
-0.3471108 -1.844662 -0.4899299 0.3539911 -0.00952212 -0.5424695 0.601219 -1.644487 0.0799473 0.597461 -2.050564 -0.9978234 1.087201 0.5964682 -1.103945 -0.594461 1.366396 -0.2298965 0.9523804 -2.348877 -0.9171047 0.4373399 -0.1021005 1.338475 0.1043608 -0.6373914 -0.2908631 -0.4249082 -1.04889 1.291929 2.095253 -1.315011 -0.5982183 0.01285032 -2.849058 2.126369 1.464535 -0.1283767 -1.503561 -2.395402 -0.153181 0.4706042 -0.2849485 0.8762319 1.739434 -0.4232725 -1.123355 1.470428 1.412963 0.006759364 0.2682542 0.9636342 -0.2214025 -9999 -9999 -9999 -9999 -9999 -9999 -9999 -9999 -9999 -9999 0.2273005 -1.526874 0.1536538 -0.140527 -9999 -9999 -9999 -9999 -9999 -9999
1.308084 1.232501 0.9707934 -0.01699893 -0.5920688 -0.3287092 -1.622304 -0.7569739 0.1248863 -0.1071286 -1.068308 -1.40315 1.95441 1.532893 0.08327445 1.81542 -0.177767 1.75778 0.6583663 -1.615562 -0.5081378 0.1762998 0.1128205 0.5987121 0.9181796 0.3847467 -1.037737 -1.313506 -1.606344 -0.3928629 1.215735 0.4983074 -0.5637979 -0.1843929 1.073984 0.3776422 0.8227907 0.2204338 -1.285403 -0.5833435 0.4079318 0.8110188 -0.8662302 1.012679 -1.118209 0.5060261 0.2121388 -0.6148115 1.33831 -9999 -9999 -9999 -9999 -9999 -9999 -9999 -9999 -9999 -9999 -9999 -9999 -9999 -9999 -9999 -9999 -9999 -9999 -9999 -9999 -9999 -9999 -9999 -9999
-1.525087 -1.113133 -0.317891 -1.934764 -1.308477 0.274695 0.2030453 -0.8005685 -0.5154548 -0.4700143 0.9220388 -0.05190688 -0.5652196 1.1223 0.4355424 0.5108645 0.4788223 1.443492 0.3687556 0.1617507 0.4362031 -0.1036545 -2.160425 -0.4928622 1.285824 -0.3177075 -0.09844021 -0.682084 1.806283 -1.137902 0.5858241 1.547837 -2.281089 -0.6950452 1.868646 0.5773039 0.554702 -0.633954 0.7415423 -0.2100252 -1.632836 -1.224582 2.122134 -0.4527174 2.009788 1.088816 1.249578 -9999 -9999 -9999 -9999 -9999 -9999 -9999 -9999 -9999 -9999 -9999 -9999 -9999 -9999 -9999 -9999 -9999 -9999 -9999 -9999 -9999 -9999 -9999 -9999 -9999 -9999
0.5354107 -0.9463708 0.3520136 -0.3856195 -1.011631 -0.2665394 -1.990691 1.733591 -0.1135425 -1.355339 -0.4829654 -2.064355 1.50292 -0.01638102 0.04377785 0.1360665 -0.2798389 -0.1822463 0.650639 -0.244325 0.5989331 -0.7609751 1.274244 1.426905 1.113144 0.5070124 0.9917344 -1.102357 -1.418719 0.2073103 -0.6879207 -0.3278917 0.3980188 1.081097 -0.1939721 1.151008 -1.080792 -1.068138 0.7574664 -0.6425766 0.5160896 0.547331 -1.205407 -1.815427 -1.325314 -9999 -9999 -9999 -9999 -9999 -9999 -9999 -9999 -9999 -9999 -9999 -9999 -9999 -9999 -9999 -9999 -9999 -9999 -9999 -9999 -9999 -9999 -9999 -9999 -9999 -9999 -9999 -9999
0.659513 -0.5301743 1.547495 -0.4976432 -0.489803 -0.3533725 -1.058797 0.757825 -0.4415064 0.1489819 -2.460232 1.393911 -1.39965 -0.3147432 0.9773359 1.549696 -1.701303 1.636476 -1.409956 -0.2227558 1.090865 0.4122151 0.7984405 1.419752 1.60685 0.6529462 -1.098409 -0.08251364 2.057907 0.1381332 -0.4825654 0.1582824 1.936343 -2.456525 1.063018 -0.5468857 1.122958 -1.555187 0.2100526 -0.7616583 0.2788524 0.2971937 -9999 -9999 -9999 -9999 -9999 -9999 -9999 -9999 -9999 -9999 -9999 -9999 -9999 -9999 -9999 -9999 -9999 -9999 -9999 -9999 -9999 -9999 -9999 -9999 -9999 -9999 -9999 -9999 -9999 -9999 -9999
0.6834458 0.9980888 1.329514 1.583579 1.180709 -0.5383192 -0.6443862 0.4343321 2.17415 -0.5756704 0.185679 -0.5026203 0.2252384 -0.6417526 -1.862007 -0.03271388 0.4737872 0.6046863 -0.9613818 -0.1488599 1.430647 -1.467108 0.4707502 -1.642759 -0.193543 -0.8863931 1.535327 -1.333967 -1.040689 -0.3274822 0.4779477 1.409712 -0.573853 -0.4235074 0.04163972 0.3911923 -0.0210515 -0.2369 -0.9693717 -1.837051 -9999 -9999 -9999 -9999 -9999 -9999 -9999 -9999 -9999 -9999 -9999 -9999 -9999 -9999 -9999 -9999 -9999 -9999 -9999 -9999 -9999 -9999 -9999 -9999 -9999 -9999 -9999 -9999 -9999 -9999 -9999 -9999 -9999
-1.895783 1.784944 1.854619 0.9305715 -0.3883247 -0.07998011 1.963815 0.6147565 0.1788574 -0.612813 0.1980983 0.7526289 0.6378824 -0.2332333 -0.4644335 -0.3815868 1.470836 2.049628 -0.07797855 -0.09816565 1.341256 -0.2927112 0.9514766 -0.3826379 -1.358875 -0.3614688 -0.8857654 -1.417113 -1.543359 -0.5398726 -1.088008 0.0578091 1.121824 -0.1631767 0.129925 0.5885177 0.1391785 0.3164598 -9999 -9999 -9999 -9999 -9999 -9999 -9999 -9999 -9999 -9999 -9999 -9999 -9999 -9999 -9999 -9999 -9999 -9999 -9999 -9999 -9999 -9999 -9999 -9999 -9999 -9999 -9999 -9999 -9999 -9999 -9999 -9999 -9999 -9999 -9999
-1.674836 0.8384888 -0.6491517 0.3792471 0.7791196 1.627411 1.792719 -1.077114 -0.361148 0.4020119 -0.2241212 -0.2322689 -1.004308 0.3586985 -1.111015 -0.8605833 -0.1432234 -1.447536 1.047211 1.311819 0.2396869 -0.9965979 0.5432487 -0.3371845 1.906079 0.7835496 0.6853051 -1.120998 -1.514177 -0.6490415 1.389163 -0.6046591 0.644753 1.10962 -0.1422924 0.8498829 -9999 -9999 -9999 -9999 -9999 -9999 -9999 -9999 -9999 -9999 -9999 -9999 -9999 -9999 -9999 -9999 -9999 -9999 -9999 -9999 -9999 -9999 -9999 -9999 -9999 -9999 -9999 -9999 -9999 -9999 -9999 -9999 -9999 -9999 -9999 -9999 -9999
1.735244 -0.1447457 0.920909 0.6134441 -1.534731 0.1906524 0.3856042 -0.7176402 1.291054 -1.337863 -0.4869963 -1.191137 0.7203677 -0.2407697 0.666898 1.109905 1.532646 -1.051925 -0.9407789 -0.4462384 -1.833205 0.4733523 0.8503722 -0.5843633 -0.4432487 -0.007827562 -0.4259086 0.150842 -0.4288118 1.167383 -0.359367 1.624977 -0.1627022 -0.3194261 -9999 -9999 -9999 -9999 -9999 -9999 -9999 -9999 -9999 -9999 -9999 -9999 -9999 -9999 -9999 -9999 -9999 -9999 -9999 -9999 -9999 -9999 -9999 -9999 -9999 -9999 -9999 -9999 -9999 -9999 -9999 -9999 -9999 -9999 -9999 -9999 -9999 -9999 -9999
0.05259397 -0.03369286 -0.03294026 -0.3925852 -0.1263986 -0.504505 0.2964647 -2.387777 0.5471812 0.1836368 1.445443 0.5158264 -1.29736 -0.3855309 0.6499701 -0.7469379 -0.1717214 -0.08816486 -2.006454 0.03104529 -1.244008 -0.9154361 1.121627 0.3359584 -0.4220918 1.288874 -0.5381737 -1.662392 -0.2384514 -1.166885 -0.1705781 0.7498542 -0.5767707 -9999 -9999 -9999 -9999 -9999 -9999 -9999 -9999 -9999 -9999 -9999 -9999 -9999 -9999 -9999 -9999 -9999 -9999 -9999 -9999 -9999 -9999 -9999 -9999 -9999 -9999 -9999 -9999 -9999 -9999 -9999 -9999 -9999 -9999 -9999 -9999 -9999 -9999 -9999 -9999
0.05398835 1.084741 -0.1819924 0.7202596 -0.2548009 0.02426468 -0.7774456 0.1777968 -1.636445 -1.902937 0.04189964 0.6614627 0.7282125 -1.065743 0.2426279 -0.5893095 -0.9910559 0.6233912 -0.7954775 -1.752606 -0.4560474 -0.07262377 -0.06814527 -1.321344 -0.6969182 0.1510957 1.099759 1.284543 -0.129658 -1.034396 -0.5812896 -1.339846 -9999 -9999 -9999 -9999 -9999 -9999 -9999 -9999 -9999 -9999 -9999 -9999 -9999 -9999 -9999 -9999 -9999 -9999 -9999 -9999 -9999 -9999 -9999 -9999 -9999 -9999 -9999 -9999 -9999 -9999 -9999 -9999 -9999 -9999 -9999 -9999 -9999 -9999 -9999 -9999 -9999
1.09959 -1.459919 0.8447876 -1.413878 2.157438 -1.362046 0.6138283 1.98817 0.4635351 0.6087792 -3.189225 0.6205973 0.194621 0.6892987 0.7901289 -0.3110496 2.418952 1.046945 -1.377325 0.5878717 1.357542 0.7211269 -0.9918931 1.018947 1.640102 1.831812 1.866933 -1.060046 -1.917466 -1.492237 -0.7126727 0.5105111 -9999 -9999 -9999 -9999 -9999 -9999 -9999 -9999 -9999 -9999 -9999 -9999 -9999 -9999 -9999 -9999 -9999 -9999 -9999 -9999 -9999 -9999 -9999 -9999 -9999 -9999 -9999 -9999 -9999 -9999 -9999 -9999 -9999 -9999 -9999 -9999 -9999 -9999 -9999 -9999 -9999
0.7397653 0.49985 -1.233877 0.4262243 -0.272438 -1.167627 2.056577 0.1682136 0.07582863 0.5365442 -0.013006 -1.434043 0.8430185 0.6634572 -0.4259313 -1.362484 0.3403948 -2.019821 0.895916 -0.06748371 -0.8538284 2.061398 -0.9268413 1.059192 -0.8740664 -0.02428089 -1.166156 1.079472 -0.2551677 2.181801 1.291947 1.833982 -9999 -9999 -9999 -9999 -9999 -9999 -9999 -9999 -9999 -9999 -9999 -9999 -9999 -9999 -9999 -9999 -9999 -9999 -9999 -9999 -9999 -9999 -9999 -9999 -9999 -9999 -9999 -9999 -9999 -9999 -9999 -9999 -9999 -9999 -9999 -9999 -9999 -9999 -9999 -9999 -9999
-0.1449619 0.869197 -0.3027372 -1.792274 -0.2468888 0.1322827 0.2868137 0.5877758 0.5030242 0.006189104 0.1299272 0.5429822 -1.754644 0.8416145 2.017387 -1.222525 -0.9269323 1.089634 0.9647485 0.6510641 -1.134233 0.6441415 -0.5463662 0.03257997 1.667065 0.1231323 -0.2664383 0.8030527 -1.0154 -0.1878464 0.2160421 -9999 -9999 -9999 -9999 -9999 -9999 -9999 -9999 -9999 -9999 -9999 -9999 -9999 -9999 -9999 -9999 -9999 -9999 -9999 -9999 -9999 -9999 -9999 -9999 -9999 -9999 -9999 -9999 -9999 -9999 -9999 -9999 -9999 -9999 -9999 -9999 -9999 -9999 -9999 -9999 -9999 -9999
0.4938623 1.216728 2.007849 -1.261136 -0.3612317 0.9404869 -0.5144482 0.9244796 -0.010314 0.1464387 -0.07109085 0.49497 -0.1789359 0.6898907 0.04736216 -1.46286 0.01390178 -0.2782491 -1.101109 0.6734486 0.09861474 -0.6559116 0.6410843 -0.4390514 -0.04850015 -0.4696017 -0.0575511 -1.527352 0.1807285 -1.41398 -9999 -9999 -9999 -9999 -9999 -9999 -9999 -9999 -9999 -9999 -9999 -9999 -9999 -9999 -9999 -9999 -9999 -9999 -9999 -9999 -9999 -9999 -9999 -9999 -9999 -9999 -9999 -9999 -9999 -9999 -9999 -9999 -9999 -9999 -9999 -9999 -9999 -9999 -9999 -9999 -9999 -9999 -9999
-0.9205017 2.465104 0.2821908 -0.4731851 0.06728695 -0.3621106 -1.711376 -0.3501895 1.667029 -0.002128651 -1.103027 0.5984776 0.4066981 -1.601197 -0.6111999 -0.3249351 0.4394698 -0.4498561 0.4028552 -0.1679096 -0.5091796 1.917162 -1.397228 -0.1339736 -0.08265625 -0.7322741 0.4453148 0.05652989 -1.213159 0.2556551 -9999 -9999 -9999 -9999 -9999 -9999 -9999 -9999 -9999 -9999 -9999 -9999 -9999 -9999 -9999 -9999 -9999 -9999 -9999 -9999 -9999 -9999 -9999 -9999 -9999 -9999 -9999 -9999 -9999 -9999 -9999 -9999 -9999 -9999 -9999 -9999 -9999 -9999 -9999 -9999 -9999 -9999 -9999
-0.5239322 -0.7231584 -1.493336 -1.173119 -1.795088 0.7209436 1.475318 1.940983 -0.3636501 0.5762927 -0.6620896 1.840241 -2.843382 -0.1855363 -2.311487 -0.3180227 -1.564871 0.05447482 1.55094 0.4503399 2.3208 -0.06438805 0.8154554 0.09612193 1.967501 0.2963907 0.2961347 -0.9559445 -0.5134156 -0.5005001 -9999 -9999 -9999 -9999 -9999 -9999 -9999 -9999 -9999 -9999 -9999 -9999 -9999 -9999 -9999 -9999 -9999 -9999 -9999 -9999 -9999 -9999 -9999 -9999 -9999 -9999 -9999 -9999 -9999 -9999 -9999 -9999 -9999 -9999 -9999 -9999 -9999 -9999 -9999 -9999 -9999 -9999 -9999
-0.6090987 -0.4021058 -1.573696 0.7920297 0.2091597 0.6816683 0.3893321 0.8219784 -0.2280834 0.8142707 -0.2329733 0.5117892 0.1456152 0.7485169 0.3779438 -0.4198368 0.6370469 2.002746 -1.006138 -1.19394 -0.7298216 -0.6431492 -1.792134 -0.4291625 -0.2395414 -2.298751 0.8306044 0.15363 1.541528 1.115055 -9999 -9999 -9999 -9999 -9999 -9999 -9999 -9999 -9999 -9999 -9999 -9999 -9999 -9999 -9999 -9999 -9999 -9999 -9999 -9999 -9999 -9999 -9999 -9999 -9999 -9999 -9999 -9999 -9999 -9999 -9999 -9999 -9999 -9999 -9999 -9999 -9999 -9999 -9999 -9999 -9999 -9999 -9999
0.8895712 -0.5550433 -0.6748278 0.3449757 -0.6464162 -1.279639 -1.41245 1.035127 0.8619326 -1.795485 1.120898 -1.861296 0.5415863 1.188744 -1.033145 0.2284416 -0.8764194 -0.1578126 -1.544963 -1.278752 0.2337874 1.772922 -0.6593722 -0.7270167 -0.9860588 0.05882454 -0.02383826 1.199454 -0.4694803 -0.8664336 -9999 -9999 -9999 -9999 -9999 -9999 -9999 -9999 -9999 -9999 -9999 -9999 -9999 -9999 -9999 -9999 -9999 -9999 -9999 -9999 -9999 -9999 -9999 -9999 -9999 -9999 -9999 -9999 -9999 -9999 -9999 -9999 -9999 -9999 -9999 -9999 -9999 -9999 -9999 -9999 -9999 -9999 -9999
-0.4838688 1.322403 0.7148284 -1.500834 2.829371 1.468898 0.6752089 -1.14204 1.120985 1.144479 -0.7560859 1.127886 0.4953388 -1.396259 1.528627 -1.917577 0.8728474 -1.184158 -0.7343251 0.1404654 1.514552 -1.658419 -1.393381 0.7702996 -0.6590838 -0.03159861 -0.09171919 0.1450669 0.5083422 0.316393 -0.9806652 -9999 -9999 -9999 -9999 -9999 -9999 -9999 -9999 -9999 -9999 -9999 -9999 -9999 -9999 -9999 -9999 -9999 -9999 -9999 -9999 -9999 -9999 -9999 -9999 -9999 -9999 -9999 -9999 -9999 -9999 -9999 -9999 -9999 -9999 -9999 -9999 -9999 -9999 -9999 -9999 -9999 -9999
0.642674 0.2553011 0.3106892 0.01050213 0.9895695 0.5010347 -0.7391517 -0.4338731 1.289834 1.190813 -0.7515177 0.1184795 0.9452018 0.5123917 0.723974 0.5442578 -0.1213447 2.517706 1.085741 -0.1768131 1.689779 -0.1634148 -1.586168 0.4317062 0.1020908 -0.2161275 -0.1514419 -3.148553 0.84956 0.03316564 -9999 -9999 -9999 -9999 -9999 -9999 -9999 -9999 -9999 -9999 -9999 -9999 -9999 -9999 -9999 -9999 -9999 -9999 -9999 -9999 -9999 -9999 -9999 -9999 -9999 -9999 -9999 -9999 -9999 -9999 -9999 -9999 -9999 -9999 -9999 -9999 -9999 -9999 -9999 -9999 -9999 -9999 -9999
0.009580248 2.104702 -0.305673 0.2451567 1.05933 -2.000163 -0.5363727 -0.4536059 0.06594275 -0.7231555 1.614399 1.433698 1.22083 0.7081442 1.074479 0.9004368 -0.03232989 -0.7053686 0.1437994 -0.3148993 -0.3825532 -1.016963 -0.4788165 -0.2423857 -0.1286184 -0.3902548 0.5335242 -0.2941848 0.3310649 0.2840294 -9999 -9999 -9999 -9999 -9999 -9999 -9999 -9999 -9999 -9999 -9999 -9999 -9999 -9999 -9999 -9999 -9999 -9999 -9999 -9999 -9999 -9999 -9999 -9999 -9999 -9999 -9999 -9999 -9999 -9999 -9999 -9999 -9999 -9999 -9999 -9999 -9999 -9999 -9999 -9999 -9999 -9999 -9999
0.08089256 1.627259 1.532195 1.001593 -0.8968736 -2.22705 -0.1448869 -0.1475132 -1.093078 -1.326661 -0.6963488 -1.145189 -0.4763868 -0.4652551 1.372277 -1.676338 0.6454723 1.640315 0.5953158 -0.5048048 1.210158 0.5701889 -2.425433 0.4742674 0.2121716 0.1915174 0.1474845 -0.7280306 -1.865432 -9999 -9999 -9999 -9999 -9999 -9999 -9999 -9999 -9999 -9999 -9999 -9999 -9999 -9999 -9999 -9999 -9999 -9999 -9999 -9999 -9999 -9999 -9999 -9999 -9999 -9999 -9999 -9999 -9999 -9999 -9999 -9999 -9999 -9999 -9999 -9999 -9999 -9999 -9999 -9999 -9999 -9999 -9999 -9999
-0.7345113 0.626965 -0.3838423 0.4662379 -0.9638162 0.6957721 -0.4466231 1.261208 0.06363688 1.17261 0.5968597 -0.8536463 0.4063667 0.9313595 1.065194 -0.549957 1.002622 0.9548903 -1.692323 0.1687319 0.1306608 -1.866391 -1.480362 -0.6331338 -1.31156 1.260908 -0.7523441 0.7382215 0.2553861 -9999 -9999 -9999 -9999 -9999 -9999 -9999 -9999 -9999 -9999 -9999 -9999 -9999 -9999 -9999 -9999 -9999 -9999 -9999 -9999 -9999 -9999 -9999 -9999 -9999 -9999 -9999 -9999 -9999 -9999 -9999 -9999 -9999 -9999 -9999 -9999 -9999 -9999 -9999 -9999 -9999 -9999 -9999 -9999
1.020056 -0.2252839 1.309973 -0.8405848 -0.6069294 0.8096187 0.9466576 0.9381146 0.1766762 -0.3732882 0.09565747 -0.4307708 0.9068735 -0.2086819 -1.129126 -1.518975 -1.791679 0.3606419 0.6130932 -1.900238 0.507996 -0.3251146 0.5841085 -0.01214288 0.0729297 0.1044093 1.253676 -9999 -9999 -9999 -9999 -9999 -9999 -9999 -9999 -9999 -9999 -9999 -9999 -9999 -9999 -9999 -9999 -9999 -9999 -9999 -9999 -9999 -9999 -9999 -9999 -9999 -9999 -9999 -9999 -9999 -9999 -9999 -9999 -9999 -9999 -9999 -9999 -9999 -9999 -9999 -9999 -9999 -9999 -9999 -9999 -9999 -9999
-0.8664709 0.3946083 -1.024572 -0.5316937 3.392198 0.6755932 0.1425484 -0.1126319 0.2686489 -0.5006127 -0.2246028 1.190977 2.124201 0.1757527 0.9767309 1.642178 -1.763778 -0.4394686 0.5416058 1.59591 0.9392961 1.117046 0.5636092 -0.8743528 -1.210391 0.70275 -9999 -9999 -9999 -9999 -9999 -9999 -9999 -9999 -9999 -9999 -9999 -9999 -9999 -9999 -9999 -9999 -9999 -9999 -9999 -9999 -9999 -9999 -9999 -9999 -9999 -9999 -9999 -9999 -9999 -9999 -9999 -9999 -9999 -9999 -9999 -9999 -9999 -9999 -9999 -9999 -9999 -9999 -9999 -9999 -9999 -9999 -9999
-0.7082884 -0.08089861 0.9982132 1.437918 0.9167744 -0.6717302 -0.1652456 0.8847096 0.09861617 -0.854035 0.4626882 -0.001100859 2.189698 -0.6095403 -0.4069305 0.8863502 -0.2498686 -0.7386876 -0.8521562 0.2020124 -1.5283 1.274884 0.4114352 0.3108371 1.137317 -9999 -9999 -9999 -9999 -9999 -9999 -9999 -9999 -9999 -9999 -9999 -9999 -9999 -9999 -9999 -9999 -9999 -9999 -9999 -9999 -9999 -9999 -9999 -9999 -9999 -9999 -9999 -9999 -9999 -9999 -9999 -9999 -9999 -9999 -9999 -9999 -9999 -9999 -9999 -9999 -9999 -9999 -9999 -9999 -9999 -9999 -9999 -9999
-0.1029183 -0.7112187 1.916287 0.4480695 -0.6094003 1.159629 -1.027333 -0.5587206 0.4659952 0.3530381 1.345909 1.180548 -1.623502 1.233498 -0.593364 -0.06363425 0.5412975 -0.2551174 1.28543 1.103846 -2.231644 0.9616066 -1.293671 0.3085448 -9999 -9999 -9999 -9999 -9999 -9999 -9999 -9999 -9999 -9999 -9999 -9999 -9999 -9999 -9999 -9999 -9999 -9999 -9999 -9999 -9999 -9999 -9999 -9999 -9999 -9999 -9999 -9999 -9999 -9999 -9999 -9999 -9999 -9999 -9999 -9999 -9999 -9999 -9999 -9999 -9999 -9999 -9999 -9999 -9999 -9999 -9999 -9999 -9999
