data/testdata2.asc
ncols         279
nrows         271
xllcorner     166
yllcorner     -47.6
cellsize      0.05
NODATA_value  -9999
[rows 160 to 191 of 271, columns 73 to 145 of 279]
-9999 -9999 -9999 -9999 -9999 -9999 -9999 -9999 -9999 -9999 -9999 -9999 -9999 -9999 -9999 -9999 -9999 -9999 -9999 -9999 -9999 -9999 -9999 -9999 -9999 -9999 -9999 -9999 -9999 -9999 -9999 -9999 -9999 -9999 -0.5138013 -0.8906819 -0.6701003 0.08802382 -1.623148 1.953994 1.584054 0.5599695 1.034938 0.08881752 0.07081664 -0.984476 -1.159425 1.024158 -0.1022479 -0.3422868 1.280865 -0.2630504 0.06384366 -0.7019414 0.1101232 0.7359854 -0.3939206 -1.294315 2.420069 -0.5570066 -1.052816 1.421057 0.3463282 -0.2519831 0.3075804 -1.109144 0.366282 -0.3444959 -0.9272265 -0.2526367 -1.093774 -0.3449212 -0.9800171
-9999 -9999 -9999 -9999 -9999 -9999 -9999 -9999 -9999 -9999 -9999 -9999 -9999 -9999 -9999 -9999 -9999 -9999 -9999 -9999 -9999 -9999 -9999 -9999 -9999 -9999 -9999 -9999 -9999 -9999 -9999 -9999 -9999 -9999 -0.07257671 -0.7680868 -0.8570907 1.777664 -0.7992561 -0.3905624 1.042983 0.4179637 0.7613134 -1.291026 -0.6989995 -1.211272 0.7010035 -0.1861014 -1.731841 0.003963674 0.5194836 -0.5773066 0.166156 -0.2508162 -1.051333 -0.1122827 -1.623935 0.1711778 -1.135566 -0.4403525 -0.6309211 0.7450142 0.1507408 -0.7766622 -0.6111392 0.03529165 1.42063 0.3383235 -0.742166 1.666724 -0.4387419 0.6193936 -0.2577035
-9999 -9999 -9999 -9999 -9999 -9999 -9999 -9999 -9999 -9999 -9999 -9999 -9999 -9999 -9999 -9999 -9999 -9999 -9999 -9999 -9999 -9999 -9999 -9999 -9999 -9999 -9999 -9999 -9999 -9999 -9999 -9999 -9999 -0.475471 0.05365147 0.9070877 0.6773102 -1.578896 -0.04349418 -0.8934893 -0.6468048 1.233507 0.8622501 0.4121287 1.323523 2.241909 -1.525127 0.05939089 1.412869 -1.676601 0.7950757 -1.052392 0.194833 -1.453035 -1.119401 -0.2955059 1.179513 -0.5525607 0.5062746 0.1121158 1.195916 -1.233583 -0.1451041 -0.7578895 0.7843592 -0.01777067 -1.652103 -0.1687632 0.6825928 -0.2738 -0.0497401 -1.04071 0.875514
-9999 -9999 -9999 -9999 -9999 -9999 -9999 -9999 -9999 -9999 -9999 -9999 -9999 -9999 -9999 -9999 -9999 -9999 -9999 -9999 -9999 -9999 -9999 -9999 -9999 -9999 -9999 -9999 -9999 -9999 -9999 -9999 -9999 0.2450043 -0.6315869 -0.5515615 -0.6950734 1.696052 -0.1354545 -1.727819 -0.8138406 -0.2176399 0.4467322 -0.05957321 -0.08381561 -0.1203125 0.2174475 -1.346024 -2.476087 1.848553 -0.1673499 -0.8439358 -1.340432 0.816733 0.1761089 -2.221265 0.7497818 -0.4698313 -1.399219 -0.6260048 -0.3005274 -2.002918 0.1683857 0.2949584 -1.402159 0.9718578 1.147807 1.695187 0.4558682 0.04693704 -0.8985521 -0.3364228 -0.453469
-9999 -9999 -9999 -9999 -9999 -9999 -9999 -9999 -9999 -9999 -9999 -9999 -9999 -9999 -9999 -9999 -9999 -9999 -9999 -9999 -9999 -9999 -9999 -9999 -9999 -9999 -9999 -9999 -9999 -9999 -9999 -9999 -9999 -0.1531651 0.8275093 1.064282 -0.550073 0.2844265 -0.8029523 -1.58407 0.7662665 0.2341643 0.5270784 0.03468761 0.4413289 -0.221669 0.4581844 1.038646 1.240495 -1.977042 0.8283632 -1.004273 -0.2836509 0.6767272 0.9623919 0.1785329 0.09355748 -0.5680867 0.5115993 -1.337188 0.6334096 -0.2733828 -0.8663182 -0.4308796 -0.6941939 0.5357732 -0.5736769 0.674154 0.7992215 0.2002046 1.7113 -0.2382787 0.8285295
-9999 -9999 -9999 -9999 -9999 -9999 -9999 -9999 -9999 -9999 -9999 -9999 -9999 -9999 -9999 -9999 -9999 -9999 -9999 -9999 -9999 -9999 -9999 -9999 -9999 -9999 -9999 -9999 -9999 -9999 -9999 -9999 0.7208825 0.3146631 -1.885032 1.559979 0.1999746 -0.4985589 1.131561 0.5167792 1.097313 0.4566994 -1.213027 0.2639365 -1.199022 -0.4527268 -0.2963651 1.187226 -0.1599461 1.200052 0.5698181 -1.653326 1.379774 -0.5001302 -0.007169462 -0.2649756 0.3731806 -0.9924372 1.271121 1.977109 -0.5584711 -1.31601 0.6973755 -1.387829 -0.5146127 -1.326299 0.8553784 -0.04875492 -0.554015 -0.8790284 1.420514 0.8801755 -1.295877
-9999 -9999 -9999 -9999 -9999 -9999 -9999 -9999 -9999 -9999 -9999 -9999 -9999 -9999 -9999 -9999 -9999 -9999 -9999 -9999 -9999 -9999 -9999 -9999 -9999 -9999 -9999 -9999 -9999 -9999 -9999 -9999 -0.7574152 0.7876888 0.1129979 -0.5344858 1.432513 -0.006933727 -0.6199819 -1.140316 1.846608 0.2710744 1.171185 -0.0974149 0.2715849 0.7478436 -0.480307 -1.314876 -0.2459498 0.4026341 0.3764197 -0.1277348 0.05301781 0.3156777 1.181048 0.361472 0.09405208 0.1673067 0.957798 -1.241256 0.2928751 2.073707 0.1379211 0.5418864 1.618662 0.5212645 0.1353796 0.1331362 -0.6155434 0.6156371 0.4629692 -1.606308 -0.8794212
-9999 -9999 -9999 -9999 -9999 -9999 -9999 -9999 -9999 -9999 -9999 -9999 -9999 -9999 -9999 -9999 -9999 -9999 -9999 -9999 -9999 -9999 -9999 -9999 -9999 -9999 -9999 -9999 -9999 -9999 -9999 1.187672 -0.2173255 -1.979307 -0.3878937 -0.1758454 -1.000985 0.3251341 0.5690574 -0.320164 1.249962 0.3049985 -0.4987284 1.578991 1.205906 1.947147 -0.8022708 0.3673899 -1.203681 -0.9512913 -0.4861768 1.158874 -1.312611 -0.9684084 2.277718 0.02627893 -0.6781262 -0.6520749 0.2109683 -0.2633162 -1.611099 1.874126 -0.456456 0.2602792 -0.4060162 -0.1735493 1.265828 0.8769028 -0.7945596 0.7399263 1.078626 -0.8081305 2.643664
-9999 -9999 -9999 -9999 -9999 -9999 -9999 -9999 -9999 -9999 -9999 -9999 -9999 -9999 -9999 -9999 -9999 -9999 -9999 -9999 -9999 -9999 -9999 -9999 -9999 -9999 -9999 -9999 -9999 -9999 -9999 -0.3756171 -1.282949 -0.7760566 -0.6643284 -0.596498 0.6474403 0.5611129 -0.9861189 -2.06833 -1.382318 0.6036975 -0.0834345 1.487857 0.9058746 -0.7586305 0.8689241 1.070418 0.4682543 0.4894868 0.4434478 0.1263104 -0.07096867 -1.123856 0.4110716 -0.02260434 0.8960993 -2.129536 -0.09572118 -1.025761 -0.1392669 -0.962494 -0.6030844 -2.179183 1.691175 0.05883437 1.105705 0.4697367 0.3687957 0.2386551 0.1727414 0.1870093 -0.1141896
-9999 -9999 -9999 -9999 -9999 -9999 -9999 -9999 -9999 -9999 -9999 -9999 -9999 -9999 -9999 -9999 -9999 -9999 -9999 -9999 -9999 -9999 -9999 -9999 -9999 -9999 -9999 -9999 -9999 -9999 -0.05905474 -1.219023 0.5974886 1.642255 1.169153 0.766024 0.3184216 0.2874731 0.7508908 -0.7099377 -0.2471873 1.956013 -0.283521 0.8948611 1.99232 -0.5308197 0.2380208 0.4749596 1.034433 -0.4398305 0.4918648 -0.4175465 0.9939418 -0.3344908 -0.6499499 1.251814 0.380892 -1.508059 -1.749377 -1.130909 1.451451 0.5279942 1.048768 0.811941 0.0908618 -0.3829231 0.2064195 -0.39416 0.1974966 0.4470004 -0.05524546 0.5430512 -0.9762803
-9999 -9999 -9999 -9999 -9999 -9999 -9999 -9999 -9999 -9999 -9999 -9999 -9999 -9999 -9999 -9999 -9999 -9999 -9999 -9999 -9999 -9999 -9999 -9999 -9999 -9999 -9999 -9999 -9999 0.6121852 1.199325 0.6832264 1.789619 0.817086 0.3828514 -0.2782013 0.2396231 -0.2869823 1.216874 1.509406 0.002039355 -0.3913014 -0.1248497 1.246633 2.167136 1.476581 -0.9257872 -0.5714023 -0.5208409 -2.550808 0.2428817 2.107924 -1.160494 -0.648564 -0.6033952 0.5501595 -0.4727482 -0.1377023 -0.542017 0.609331 -0.9279816 0.8649031 -1.351886 -0.6084992 0.2991167 -0.1597077 0.07877533 -0.9502341 -1.118113 0.875114 0.4153542 0.3223569 -1.586167
-9999 -9999 -9999 -9999 -9999 -9999 -9999 -9999 -9999 -9999 -9999 -9999 -9999 -9999 -9999 -9999 -9999 -9999 -9999 -9999 -9999 -9999 -9999 -9999 -9999 -9999 -9999 -9999 -9999 -0.2955219 -1.350128 -0.3189285 -0.7714506 0.5516139 -0.3623977 -0.9287064 -2.572968 -0.5680703 -0.3849486 -0.4784962 1.889376 -1.251556 0.16682 -1.186946 0.5099466 2.728064 -0.2955167 0.6563137 1.863879 0.4320526 -1.510241 1.964864 0.51608 0.299935 -0.9821653 1.193367 0.3827782 -0.4248258 -0.8772833 -0.1700687 0.01182573 0.6049031 2.241209 0.8097688 -0.6077771 -1.762261 -0.1708475 -0.02153958 2.189349 -1.399168 -0.5715169 -0.693094 -3.141832
-9999 -9999 -9999 -9999 -9999 -9999 -9999 -9999 -9999 -9999 -9999 -9999 -9999 -9999 -9999 -9999 -9999 -9999 -9999 -9999 -9999 -9999 -9999 -9999 -9999 -9999 -9999 0.06431221 0.3369041 -0.6371211 -1.033213 0.6540539 -1.292356 0.1970421 -0.5422431 -0.9076133 -0.4900816 -0.8909172 1.361739 -1.89641 0.06947969 -0.1885626 -0.4398259 -0.8304923 0.587221 0.08432531 -0.9051084 -0.7266026 0.315199 -1.558493 0.7766384 1.325685 0.1592758 -2.15035 -0.9414124 -1.078849 -0.484015 -0.5452465 -1.088495 1.359044 0.5054152 -0.6556661 -0.01874225 -0.2741735 -0.6152024 -0.9191423 0.004219872 0.1385256 -0.8601967 -0.0812941 -1.102273 1.368827 2.110057
-9999 -9999 -9999 -9999 -9999 -9999 -9999 -9999 -9999 -9999 -9999 -9999 -9999 -9999 -9999 -9999 -9999 -9999 -9999 -9999 -9999 -9999 -9999 -9999 -9999 -9999 0.3592372 -0.5440492 0.3405372 1.712951 -0.03299298 -0.4785156 1.177117 0.5396235 -0.06037752 0.884529 -0.2703176 0.856395 0.4957581 0.2724518 -0.3169306 -1.222077 -0.7090364 -0.6357523 0.9807656 1.464877 -0.1869211 -0.8750483 -0.4365382 -0.7044104 -0.1937156 -0.0002297894 0.9529221 1.719765 1.05797 0.4351591 2.001449 1.807307 -0.1107679 -0.5244688 0.5531151 0.07894543 -0.8997939 0.1463205 -0.1193208 0.8555561 -1.392097 0.6241837 -0.2374476 0.9119248 0.1886493 -1.04916 -0.3347402
-9999 -9999 -9999 -9999 -9999 -9999 -9999 -9999 -9999 -9999 -9999 -9999 -9999 -9999 -9999 -9999 -9999 -9999 -9999 -9999 -9999 -9999 -9999 -9999 -9999 -0.2764305 1.317624 0.05931577 0.4973647 0.7717456 0.004202709 1.179986 -0.3480272 -0.7778515 -0.129903 -0.6530826 0.7466134 0.9508155 0.6183981 0.8522811 -0.4201929 -0.2520673 0.05054065 -0.0516845 -1.334075 1.105099 -0.9222308 -0.6087314 1.868512 -1.742709 -0.5098415 -0.9710788 -0.04542804 1.598299 -2.37167 -0.2109772 -1.355689 -1.060506 -0.9846466 -1.15492 0.3585813 -0.5639234 0.1035977 -1.134082 1.216571 -0.7974472 0.3171785 -0.5060681 0.2302244 0.6290169 1.398367 -0.09433044 -0.223105
-9999 -9999 -9999 -9999 -9999 -9999 -9999 -9999 -9999 -9999 -9999 -9999 -9999 -9999 -9999 -9999 -9999 -9999 -9999 -9999 -9999 -9999 -9999 -9999 0.6679643 -2.390295 -0.5415692 -1.091715 0.08755653 -0.844438 -0.9004063 -0.7725139 -0.2107096 1.080681 1.452827 -0.5612237 -0.9291112 -0.14361 -0.03923308 0.7031166 0.6970317 1.21367 0.4142917 -2.992993 0.5832664 1.69747 0.2642187 1.806189 -1.008643 0.04630274 -0.07838275 -0.02015707 0.2062764 -0.5595166 -0.5432168 1.283415 1.649727 -2.01678 -0.540816 0.2677737 0.2732352 1.82484 1.229911 -1.053363 -0.2885833 -0.9374744 0.7998459 0.8896752 0.5787377 -0.9692808 1.400491 -0.2451765 -0.9646031
-9999 -9999 -9999 -9999 -9999 -9999 -9999 -9999 -9999 -9999 -9999 -9999 -9999 -9999 -9999 -9999 -9999 -9999 -9999 -9999 -9999 -9999 -9999 1.397588 -1.114414 -0.6038285 0.1317491 -0.6186456 -0.5000222 -0.00350443 0.2492386 1.370614 0.7819537 -0.4288308 -0.2786682 -1.428192 -0.4571056 0.2597835 -1.323376 -0.275349 0.9987737 1.108274 1.222326 -0.1791007 -0.5473767 -0.05073947 0.725886 1.364335 -0.4713013 0.3235086 1.655511 -0.185488 -0.01776824 0.4975733 1.111676 -0.3960628 -1.604631 -2.075009 2.411388 -1.40947 1.108785 0.5002055 -0.831856 1.623217 0.9078585 0.7417077 -0.08856786 -0.556295 -0.6465935 0.4357302 1.617085 -0.3300934 -1.519866
-9999 -9999 -9999 -9999 -9999 -9999 -9999 -9999 -9999 -9999 -9999 -9999 -9999 -9999 -9999 -9999 -9999 -9999 -9999 -9999 -9999 -9999 -1.074384 1.000848 -1.056755 -2.118174 0.114692 1.10518 -0.6846482 1.257223 -0.2974159 -0.543505 0.525173 0.1766208 0.6976583 0.5609194 0.5013003 -0.8251674 -0.7521318 0.7470455 0.0895922 -1.246467 0.7283742 -0.5136408 -0.3336298 0.1877463 0.2241149 0.6204903 0.8267213 0.7198293 -0.3599475 1.150635 2.891032 0.2280935 1.11044 -0.5822272 -0.7669825 0.4313052 1.332676 -0.637423 -1.22974 1.115796 0.2610964 -0.3580593 0.2582511 -0.5444369 0.5412689 0.7754808 -0.7131459 1.328553 2.891967 -1.851452 -9999
-9999 -9999 -9999 -9999 -9999 -9999 -9999 -9999 -9999 -9999 -9999 -9999 -9999 -9999 -9999 -9999 -9999 -9999 -9999 -9999 0.8006532 0.2673355 0.02214045 -2.04347 0.7217233 0.8513725 1.164463 -0.06999129 -0.7528558 -0.6337768 -0.05941026 -0.006640422 0.838891 0.9759221 1.513165 -0.4823338 -0.3095246 1.395798 0.4465303 1.031022 0.5052642 1.306115 -0.5145448 -0.06851598 -1.676089 1.338611 -0.5378399 0.4949957 -1.407677 1.355669 -0.3426329 0.5168428 0.5981783 -0.05053861 1.873724 -0.3138491 -0.3382698 0.541721 1.508261 2.491967 -0.2267996 -0.6153001 -0.08558007 -0.5237936 -1.112122 0.5735815 2.465334 0.3787155 -1.128631 0.4555404 1.118299 -9999 -9999
-9999 -9999 -9999 -9999 -9999 -9999 -9999 -9999 -9999 -9999 -9999 -9999 -9999 -9999 -9999 -9999 -9999 -1.257113 -1.048389 -0.9768298 1.52196 -0.622285 0.3203356 -0.3367326 -0.5320535 2.530672 -0.6468672 1.867888 1.54585 -0.52142 -0.3528998 2.826799 -0.3265769 1.130009 0.9200645 1.734223 -0.2570052 1.005502 -0.4580008 0.1551528 0.2398546 1.75395 0.7318141 2.054046 -0.794176 2.001968 -0.7470219 -0.7502395 0.08690728 -1.482354 -1.302722 -0.1744154 0.6134623 1.208124 1.432454 -1.027718 0.3457823 -1.058571 1.949963 0.834137 -0.3220237 0.2534985 0.8612514 3.810678 -1.351256 0.991189 0.4404367 -0.6725746 1.277392 -9999 -9999 -9999 -9999
-9999 -9999 -9999 -9999 -9999 -9999 -9999 -9999 -9999 -9999 -9999 -9999 -9999 -9999 -9999 -0.669533 0.7408795 1.82269 -1.182814 1.271408 -1.361158 -0.6433049 0.7003564 -1.270917 -1.558215 0.06787692 -1.305405 -0.3474709 -0.7281779 -1.322603 -1.475975 0.5040451 -0.4314826 -0.01494874 -0.2365268 1.216419 -1.248194 -1.541297 -1.776222 -0.764057 1.655634 -1.102991 -0.9420605 0.5583097 0.5031275 -1.187267 -0.7168731 -1.376849 0.4443088 -0.4276213 -0.7652658 1.022589 0.09317058 1.588261 0.9301715 -1.500324 -0.5833885 0.9485887 1.069384 0.7332306 -0.2677983 0.8621548 -0.6890184 0.8404363 -0.6477397 -0.9656693 2.211567 -9999 -9999 -9999 -9999 -9999 -9999
-9999 -9999 -9999 -9999 -9999 -9999 -9999 -9999 -9999 -9999 -9999 -9999 0.2119958 -0.7199352 -0.3016763 -1.91073 0.5488269 1.0563 -0.06154512 -0.01079425 0.9048681 -0.1954492 -0.9018019 1.713666 -2.472363 1.16997 -0.818041 0.4188113 0.007543334 -0.2807893 -0.2197473 -0.04507776 -0.5770089 0.7261755 -1.38673 0.125761 -0.327021 -0.7762936 -0.4291678 -1.06758 -0.2676023 -2.052575 0.6929198 -0.0986703 -0.6747221 0.4925792 -2.157372 -1.24043 0.1408883 0.004875742 1.302502 -0.9882345 0.8443389 -0.126827 -0.2644233 -0.9941084 0.5532237 0.1378942 -0.8626217 -0.7828006 0.9965879 0.1976447 -0.2916554 1.032402 -9999 -9999 -9999 -9999 -9999 -9999 -9999 -9999 -9999
-9999 -9999 -9999 -9999 -9999 -9999 -9999 -9999 -9999 -9999 -9999 -1.519349 -0.9046758 1.170683 -0.5904896 -0.817504 -0.1420923 0.5208796 -1.075464 -0.4408287 -0.7110167 -0.6647685 0.7769651 -1.524279 1.173181 -0.2040705 -0.8130391 -0.7515686 1.15667 0.4497578 0.2189698 -0.4742559 1.226239 -0.6851296 -0.6562644 -1.335333 0.337757 0.1927426 0.08660011 -0.5829508 1.050062 1.701576 0.4047396 -1.438942 1.362062 -1.013403 0.1345243 0.1097415 -0.5413664 -0.03612765 0.7172816 0.9216022 1.029137 0.9857604 1.228825 0.06755343 -0.8422407 -0.09481663 0.1109333 -0.6473424 1.136107 1.001658 -0.4550452 -9999 -9999 -9999 -9999 -9999 -9999 -9999 -9999 -9999 -9999
-9999 -9999 -9999 -9999 -9999 -9999 -9999 -9999 -9999 -9999 0.9091268 1.027204 1.202989 -1.234421 -0.09005851 -0.8346585 -1.180817 1.531047 1.150401 0.3850505 -1.909346 -0.7817265 1.434637 0.01477107 -1.651902 1.631161 0.9521541 0.5602745 -0.1977909 -0.2572351 0.8247564 0.8377725 0.003102384 0.2791794 -0.7962652 -0.4798413 -1.646455 0.6041035 -1.405941 -1.494746 0.3475822 1.3947 0.547816 0.7278087 0.009979745 0.777173 0.7235022 -0.4502626 -0.4226696 0.7520695 0.8147675 0.313655 -0.258581 -1.283577 0.650546 0.3650981 -0.2950376 1.7586 -0.7323335 -0.0999483 1.602314 0.3525386 -9999 -9999 -9999 -9999 -9999 -9999 -9999 -9999 -9999 -9999 -9999
-9999 -9999 -9999 -9999 -9999 -9999 -9999 -9999 -9999 0.1798332 0.02003727 -0.7849251 0.008354709 -0.4825529 -1.34138 0.2740454 -0.431469 -1.226543 -2.495584 1.412095 -1.019062 -1.784525 -1.353871 -0.595039 -1.73941 -0.9254792 0.07390656 0.1170027 -0.5314935 0.08240858 -0.08756687 0.4305726 -0.01882874 -0.1132566 -0.354613 0.4187994 -0.4166 -1.725139 -1.977356 0.7768244 0.1643097 -1.940285 0.7041379 -1.232965 -0.1582415 0.2107266 0.7639529 -1.157654 -0.05880666 2.728106 -0.1239322 -1.141395 0.8408737 -0.2180902 -0.7738959 -0.8267142 -0.4369518 0.2241663 -0.8715812 0.2680255 -0.02570148 -9999 -9999 -9999 -9999 -9999 -9999 -9999 -9999 -9999 -9999 -9999 -9999
-9999 -9999 -9999 -9999 -9999 -9999 -9999 -9999 -1.059813 1.692921 -0.6752229 -0.5196272 -2.142773 1.086799 -0.2127742 -0.6138895 -1.696158 -2.811227 0.3592876 0.7627178 -0.2518693 -1.046967 0.9073913 0.7060056 -0.08488553 0.6935362 -0.4130617 1.031947 0.4394739 -0.1895344 1.373991 0.1412453 -0.216082 -0.9511018 -0.1132573 0.6602207 -0.7850797 1.228274 0.9860805 -0.1450524 -2.373715 -2.021413 1.270626 0.4485911 0.3318638 -0.1563338 -0.7219979 -0.9344798 0.2065165 1.003663 0.3881605 -0.6676959 -1.293962 0.7053025 -0.2789328 -0.7198466 0.1340585 -1.652521 -0.7395659 2.292241 2.106468 -9999 -9999 -9999 -9999 -9999 -9999 -9999 -9999 -9999 -9999 -9999 -9999
-9999 -9999 -9999 -9999 -9999 -9999 0.7219425 -0.3151125 0.5491055 -1.444718 0.8103395 0.4509748 1.109856 0.36463 0.5025591 0.985455 0.09092504 3.483822 1.047196 0.3367616 1.179737 0.3593036 -0.2833659 0.494535 -0.3531923 -1.67689 0.8723204 -2.927781 0.2901152 -0.169519 -0.06807254 -1.000429 1.025644 -1.79785 0.8353455 0.2389878 -0.8552712 -0.6998321 1.528283 0.3415884 1.726012 0.154076 -2.103982 0.3824162 0.6616785 1.320658 -0.2436968 1.4998 0.3392722 0.05549387 -0.9572448 -0.8971208 -1.771721 0.6014801 1.119467 -0.8892205 0.8914975 1.242061 0.01254354 1.112416 -0.3422461 -9999 -9999 -9999 -9999 -9999 -9999 -9999 -9999 -9999 -9999 -9999 -9999
-9999 -9999 -9999 -0.4648455 0.3440571 -0.4367867 -0.6555563 1.253198 -1.330501 -1.448953 -1.091085 -0.34406 -0.8103282 0.5364172 0.5239118 0.6521294 -0.606316 0.8841712 -0.1249691 -0.1529584 0.695453 -0.2151729 -0.3979404 0.2123164 -0.5738131 -0.9018334 -0.58682 0.5036564 1.697062 2.320089 -1.257132 1.921795 0.3743937 0.2291725 -0.05491584 0.6429291 2.114913 -0.4405017 -0.4734045 -0.5618492 -0.01889586 -0.7418294 0.747472 0.3396734 2.000133 -0.525619 -0.7652577 1.707895 1.790386 0.06224215 0.6659648 0.01940346 -0.4059497 1.746047 0.7805523 0.6862271 0.1089589 -0.09313608 -0.6053002 -0.08144355 -1.420725 -9999 -9999 -9999 -9999 -9999 -9999 -9999 -9999 -9999 -9999 -9999 -9999
-9999 -9999 -0.8983994 -1.290106 1.111162 -0.7531399 -0.1950088 -1.187212 -1.558771 -0.6002526 -1.744673 -0.603071 -0.4880168 -2.428815 -0.7442665 0.5553387 0.4853052 0.1726066 -1.442206 0.5765285 0.1539556 -0.7214657 0.4174875 1.000559 0.7633131 1.520122 -0.4503213 -0.2338807 0.9208701 0.7924618 1.026153 0.9773771 0.9802561 -1.26988 0.1194176 0.4256704 -0.1432092 1.575833 -1.836499 -0.5594074 0.5150582 1.098862 1.38873 0.1815751 0.4813337 -0.5191602 0.6854441 -0.1089105 -0.8017557 1.046744 1.628464 1.131184 0.9583642 -0.9695999 1.795791 -0.7078639 0.6171132 0.6872783 -0.8510771 0.1179605 -0.392394 -9999 -9999 -9999 -9999 -9999 -9999 -9999 -9999 -9999 -9999 -9999 -9999
-9999 -1.418058 -0.1785731 0.256177 1.123643 0.6101428 1.753428 -1.954368 -1.004406 -0.1723485 0.9389717 0.3067101 0.2579248 -0.4009109 1.408021 -0.05286457 0.07228346 -0.3872131 -0.1248172 0.286425 -1.108483 -1.94408 0.459687 0.2937262 -0.4620974 -0.2617708 0.677803 0.3897731 -0.4512986 1.490706 0.9592116 -0.2834927 0.5887516 1.216612 0.5550048 0.6737852 0.07064477 0.3411725 1.427726 0.8532272 -1.068507 0.9267985 -1.743841 -0.2119126 -2.150707 -0.06863417 -0.5135387 0.129712 0.6888059 -1.734381 -0.7597017 -0.9807055 -1.194746 0.7846323 2.041928 0.7127895 0.2442636 -0.7386057 0.1050678 1.109255 -0.2025259 -0.4402069 -9999 -9999 -9999 -9999 -9999 -9999 -9999 -9999 -9999 -9999 -9999
-0.1098795 2.324316 -0.01780515 1.532628 0.2077663 1.58538 -1.706257 1.115033 1.299029 -0.481682 0.5140927 0.2154154 0.8477929 0.1018814 1.236832 -1.536815 0.8065866 -0.5363092 0.6546834 -0.3669514 1.502566 -0.3019016 0.2308612 -1.319016 0.8803843 1.17939 0.7965482 -1.06459 -1.301269 -1.516468 0.06541121 -1.631897 1.228251 0.7096676 2.188627 -0.2159602 -0.6198242 1.432013 -0.6407925 -0.1260656 -0.9360623 -2.283732 -0.1150929 -2.489097 -1.24126 -0.8648403 0.1918402 0.1944481 -1.063254 -2.773002 -0.334591 -1.33446 0.1802807 0.06321207 0.00786589 -0.04793093 -1.527511 -0.6933518 -0.6023674 0.1618316 -0.2072172 -0.3956297 -9999 -9999 -9999 -9999 -9999 -9999 -9999 -9999 -9999 -9999 -9999
-0.3887247 -1.379435 -1.449214 0.4712928 0.9058551 -0.1648378 -1.548175 -1.11041 -0.05835919 -1.512161 0.04792028 -1.201826 -1.463438 -0.1519424 -1.327907 -2.274567 -0.01309806 -0.8563185 1.120699 -1.717991 -0.9393832 1.641127 0.8934382 -0.3218428 0.6440715 -0.2949349 0.7418061 -0.08819891 0.7584819 -1.230299 -1.138404 -0.1045464 0.5386894 0.2938467 1.438163 0.7643688 -0.5283349 0.2214457 3.144738 -0.612186 1.66161 0.7428296 -0.4489345 -0.4558583 -0.8618245 0.4754789 0.06489653 -1.605835 0.5695752 0.6525971 -2.125072 1.124318 -1.571229 -1.315809 -0.05950991 0.8694715 1.45222 -0.8297459 1.050188 0.1675484 -9999 -9999 -0.9253729 -1.149553 0.1884199 -9999 -9999 -9999 -9999 -9999 -9999 -9999 -9999
