data/testdata2.asc
ncols         279
nrows         271
xllcorner     166
yllcorner     -47.6
cellsize      0.05
NODATA_value  -9999
[rows 64 to 95 of 271, columns 146 to 218 of 279]
-9999 -9999 -9999 -9999 -9999 -9999 -9999 -9999 -9999 -9999 -9999 -9999 -9999 -9999 -9999 -9999 -9999 -9999 -9999 -9999 -9999 -9999 -9999 -9999 -9999 -9999 -9999 0.6966374 0.810077 -1.472165 0.6469346 0.03622077 1.188283 0.1455253 2.345445 -0.1486599 -0.7359437 0.277817 -0.8435089 -0.2114237 -0.6298126 1.687085 2.206535 -0.7298909 0.9404767 0.07813802 -0.1196521 0.2331765 0.8901968 -0.2322114 0.7003043 -1.377372 -9999 -9999 -9999 -9999 -9999 -9999 -9999 1.016542 -9999 -9999 -9999 -9999 -9999 -9999 -9999 -9999 -9999 -9999 -9999 -9999 -9999
-9999 -9999 -9999 -9999 -9999 -9999 -9999 -9999 -9999 -9999 -9999 -9999 -9999 -9999 -9999 -9999 -9999 -9999 -9999 -9999 -9999 -9999 -9999 -9999 -9999 -9999 -9999 -9999 0.2381526 0.1197756 2.637275 0.5891615 1.441797 -1.098209 -3.045596 -0.5236997 1.199688 0.5887042 -0.6524206 0.07143779 -0.4557029 0.6568742 -1.756617 0.01750392 -1.503677 -1.049052 0.8197718 -1.019333 0.7214383 0.3459654 1.458828 -1.400818 0.2546651 -9999 -9999 -9999 -9999 -9999 -9999 -9999 -9999 -9999 -9999 -9999 -9999 -9999 -9999 -9999 -9999 -9999 -9999 -9999 -9999
-9999 -9999 -9999 -9999 -9999 -9999 -9999 -9999 -9999 -9999 -9999 -9999 -9999 -9999 -9999 -9999 -9999 -9999 -9999 -9999 -9999 -9999 -9999 -9999 -9999 -9999 -9999 -9999 0.2241722 -0.02154877 -1.021627 0.7974307 0.5730211 0.9220023 1.159648 0.09348958 0.5089841 1.740695 -1.108844 1.532478 -1.251902 0.7426479 0.4137138 1.387378 0.8707916 -1.482715 -0.6556079 -0.7812591 -0.6607901 1.848352 -0.6302187 -1.278964 0.341228 -9999 -9999 -9999 -9999 -9999 -9999 -9999 -9999 -9999 -9999 -9999 -9999 -9999 -9999 -9999 -9999 -9999 -9999 -9999 -9999
-9999 -9999 -9999 -9999 -9999 -9999 -9999 -9999 -9999 -9999 -9999 -9999 -9999 -9999 -9999 -9999 -9999 -9999 -9999 -9999 -9999 -9999 -9999 -9999 -9999 -9999 -9999 -9999 -1.232436 -2.559667 0.1167797 0.5814841 -1.25398 -0.3986712 -0.5915082 -0.1031189 1.105746 0.5795735 -3.017121 1.810856 0.4227678 0.8597716 0.1432967 -0.434626 -0.4271562 -0.9539354 -0.2370637 -1.307782 -0.09326574 -0.107331 1.557261 -3.074495 1.107075 -9999 -9999 -9999 -9999 -9999 -9999 -9999 -9999 -9999 -9999 -9999 -9999 -9999 -9999 -9999 -9999 -9999 -9999 -9999 -9999
-9999 -9999 -9999 -9999 -9999 -9999 -9999 -9999 -9999 -9999 -9999 -9999 -9999 -9999 -9999 -9999 -9999 -9999 -9999 -9999 -9999 -9999 -9999 -9999 -9999 -9999 -9999 -9999 -9999 -1.053073 -2.659821 -0.7104407 -0.5992743 0.784451 0.8275719 0.9581134 0.27689 1.206656 -1.138937 -0.2947763 -1.688978 1.23401 -1.091801 1.074371 1.455083 0.5978156 -0.4352005 0.2467956 0.9195653 -0.897925 0.8306686 -0.5325102 -1.556171 -9999 -9999 -9999 -9999 -9999 -9999 -9999 -9999 -9999 -9999 -9999 -9999 -9999 -9999 -9999 -9999 -9999 -9999 -9999 -9999
-9999 -9999 -9999 -9999 -9999 -9999 -9999 -9999 -9999 -9999 -9999 -9999 -9999 -9999 -9999 -9999 -9999 -9999 -9999 -9999 -9999 -9999 -9999 -9999 -9999 -9999 -9999 -9999 -9999 -0.3363166 1.095942 -1.156721 -0.5221592 0.2813635 1.088771 0.3009601 0.7940722 -0.1942505 0.7440252 0.0597453 -0.06612739 -1.193884 -0.4590472 1.161429 0.4989111 1.443424 -2.618408 1.285599 -0.04297338 -0.06817916 0.5052377 0.9314514 2.034823 -9999 0.2207744 -9999 -9999 -9999 -9999 -9999 -9999 -9999 -9999 -9999 -9999 -9999 -9999 -9999 -9999 -9999 -9999 -9999 -9999
-9999 -9999 -9999 -9999 -9999 -9999 -9999 -9999 -9999 -9999 -9999 -9999 -9999 -9999 -9999 -9999 -9999 -9999 -9999 -9999 -9999 -9999 -9999 -9999 -9999 -9999 -9999 -9999 -9999 0.801589 -0.8121601 1.586082 -0.8312043 -0.3433692 0.3627598 -1.341359 -0.2758268 -0.4682027 -1.21704 -0.2835709 -0.2507202 1.178712 -0.5926756 0.8148403 0.9853229 -0.6557612 -0.005026219 -1.935824 -0.1573574 1.298827 0.264235 1.456225 2.374229 -9999 -9999 -0.8389452 -9999 -9999 -9999 -9999 -9999 -9999 -9999 -9999 -9999 -9999 -9999 -9999 -9999 -9999 -9999 -9999 -9999
-9999 -9999 -9999 -9999 -9999 -9999 -9999 -9999 -9999 -9999 -9999 -9999 -9999 -9999 -9999 -9999 -9999 -9999 -9999 -9999 -9999 -9999 -9999 -9999 -9999 -9999 -9999 -9999 -9999 -9999 -1.179939 1.326443 -0.2158899 0.7150196 -1.279066 -0.1197984 0.936644 -1.429823 -0.3226684 -0.706123 2.13492 -0.6053883 0.147369 1.157202 1.581226 0.9396953 0.4133073 1.311759 0.923178 0.8678639 -0.128562 -0.3726238 0.8586204 -9999 -9999 0.04797504 -0.03215661 -9999 -9999 -9999 -9999 -9999 0.7022865 -9999 -9999 -9999 -9999 -9999 -9999 -9999 -9999 -9999 -9999
-9999 -9999 -9999 -9999 -9999 -9999 -9999 -9999 -9999 -9999 -9999 -9999 -9999 -9999 -9999 -9999 -9999 -9999 -9999 -9999 -9999 -9999 -9999 -9999 -9999 -9999 -9999 -9999 -9999 -9999 1.014511 0.846707 -0.9517493 -1.360551 -1.983228 0.001632843 0.7215806 -0.533596 -0.8445958 -0.2903506 -0.4622441 -1.0853 1.762689 -0.1971621 -1.835206 0.7325162 1.152883 -0.4753371 -0.6784517 1.973321 -0.2864164 -0.1946297 2.459167 0.3446902 0.6133657 0.03376797 -0.7474405 -9999 -1.105891 -9999 -9999 -9999 -9999 -9999 -9999 -9999 -9999 -9999 -9999 -9999 -9999 -9999 -9999
-9999 -9999 -9999 -9999 -9999 -9999 -9999 -9999 -9999 -9999 -9999 -9999 -9999 -9999 -9999 -9999 -9999 -9999 -9999 -9999 -9999 -9999 -9999 -9999 -9999 -9999 -9999 -9999 -9999 -9999 0.1895975 -1.18377 -0.1476834 0.6449064 -1.394978 0.1229813 -0.8277237 0.8595538 0.5199859 -0.3901454 -0.3694222 -0.08131509 -1.563101 0.2775667 -0.4473013 0.430053 0.4691442 0.2264527 -1.149554 -0.7827318 0.649161 1.219912 0.9245335 -0.09327811 1.062223 0.9122916 -0.9626827 -9999 -0.3741146 0.05465664 1.46211 -9999 -9999 -9999 -9999 -9999 -9999 -9999 -9999 -9999 -9999 -9999 -9999
-9999 -9999 -9999 -9999 -9999 -9999 -9999 -9999 -9999 -9999 -9999 -9999 -9999 -9999 -9999 -9999 -9999 -9999 -9999 -9999 -9999 -9999 -9999 -9999 -9999 -9999 -9999 -9999 -9999 -9999 -9999 -1.369109 -9999 -1.294602 -0.6647972 -1.313323 0.5103613 -0.1891252 0.2261519 1.134379 3.184386 -1.53874 -1.400336 0.8686064 -0.7910374 -2.295065 -0.8129679 -0.9435097 1.624937 1.201661 0.9154239 1.812289 -0.2830171 0.02024788 -0.08672943 -0.8723996 0.1867639 -0.3897898 -0.367165 -1.147819 -1.367177 0.06622281 0.8271523 -9999 -9999 -9999 -9999 -9999 -9999 -9999 -9999 -9999 -9999
-9999 -9999 -9999 -9999 -9999 -9999 -9999 -9999 -9999 -9999 -9999 -9999 -9999 -9999 -9999 -9999 -9999 -9999 -9999 -9999 -9999 -9999 -9999 -9999 -9999 -9999 -9999 -9999 -9999 -9999 -0.9273312 1.005242 0.6666058 -0.3150928 1.050885 -1.094553 -0.970207 1.351002 1.76574 0.1073255 0.6844319 1.205814 -2.078712 0.2646042 1.870532 1.471796 -0.9887358 -0.4281365 -0.9661525 0.3145751 -1.434182 0.4821754 2.076396 2.122999 0.06642237 1.745967 -0.3410983 0.9925028 0.6588353 -1.002395 0.2593195 -0.2082693 2.270738 1.389554 -0.7423014 1.536644 -9999 -9999 -9999 -9999 -9999 -9999 -9999
-9999 -9999 -9999 -9999 -9999 -9999 -9999 -9999 -9999 -9999 -9999 -9999 -9999 -9999 -9999 -9999 -9999 -9999 -9999 -9999 -9999 -9999 -9999 -9999 -9999 -9999 -9999 -9999 -9999 -1.071919 -0.3659116 -2.217045 0.2131543 -1.139278 -2.687969 -0.980087 -0.5472631 0.3121139 1.22725 -1.316253 0.5550885 -0.3898587 -0.1605017 0.004109935 0.02272155 -0.6402467 0.0007725791 1.234876 1.275116 -1.039957 1.05545 -0.1473824 -0.8628465 0.05277471 0.7622794 1.623906 0.6240363 1.105924 -0.980011 0.7708645 1.253111 1.192565 -0.322803 -0.05420366 1.773544 -0.6895586 -0.7035338 1.392343 -9999 -9999 -9999 -9999 -9999
-9999 -9999 -9999 -9999 -9999 -9999 -9999 -9999 -9999 -9999 -9999 -9999 -9999 -9999 -9999 -9999 -9999 -9999 -9999 -9999 -9999 -9999 -9999 -9999 -9999 -9999 -9999 -9999 -9999 0.7520057 -0.3430378 0.2620057 0.8480347 0.135855 -1.183952 -0.2200686 1.457595 0.5666452 1.459229 0.3432223 1.414386 0.7071536 -0.07514343 -0.1259115 2.260148 0.4112027 -1.56695 -1.411872 0.3546831 0.4277387 0.2632461 -0.1160865 -0.7378192 0.4040081 -0.4350617 -1.191711 -0.5981186 0.08456138 -1.008122 0.5081519 -2.207552 0.0002628835 1.49782 0.4388649 0.3706686 -0.7930875 -1.445132 -0.005996731 1.39863 -0.2193814 -1.05137 -0.1424156 0.7794424
-9999 -9999 -9999 -9999 -9999 -9999 -9999 -9999 -9999 -9999 -9999 -9999 -9999 -9999 -9999 -9999 -9999 -9999 -9999 -9999 -9999 -9999 -9999 -9999 -9999 -9999 -9999 -9999 -9999 -9999 -9999 -9999 -0.9330047 0.2974923 0.8652411 -0.3615665 -0.231991 1.689581 1.986062 0.9583904 1.381642 -1.136198 0.09192105 -0.02596228 0.239962 -1.130473 -0.4354904 1.259923 -0.811126 0.1336515 -0.2137366 0.1951742 -0.4759677 0.6787457 -0.2424772 1.025169 -0.341037 1.469016 -0.083101 -1.35671 -0.4005519 0.8311121 0.922334 1.020988 -1.440042 0.1884167 -1.704446 0.2147707 0.7115201 0.07721917 2.294822 -0.2776237 0.1851024
-9999 -9999 -9999 -9999 -9999 -9999 -9999 -9999 -9999 -9999 -9999 -9999 -9999 -9999 -9999 -9999 -9999 -9999 -9999 -9999 -9999 -9999 -9999 -9999 -9999 -9999 -9999 -9999 -9999 -9999 -0.8092051 0.2929881 -2.011271 0.5774817 -0.1790252 -0.2203632 0.04645341 0.6197475 0.5062531 -0.7311697 -1.253672 1.31092 -0.02794882 -1.300562 -1.526891 1.565179 -0.7364244 0.5718744 0.6215072 -0.1255842 0.05296077 1.520186 -0.1608074 -0.8057598 -0.4205162 -0.3692777 -1.110817 0.1069715 0.4682052 -0.8024052 -3.013028 -0.4450399 0.2299328 0.739953 -0.1232134 0.211839 1.20609 -0.6968716 -0.8288837 0.4087535 -1.03677 -0.03583033 0.02202735
-9999 -9999 -9999 -9999 -9999 -9999 -9999 -9999 -9999 -9999 -9999 -9999 -9999 -9999 -9999 -9999 -9999 -9999 -9999 -9999 -9999 -9999 -9999 -9999 -9999 -9999 -9999 -9999 -9999 -9999 -9999 -9999 0.8615153 0.3220426 -0.04665391 -0.5386467 1.591807 -0.9714303 -1.205513 0.2510649 0.01924531 1.512303 -1.40862 -0.05481279 -0.34227 0.0194055 -0.1968238 0.1575579 -1.634264 0.7492129 -0.9490427 0.2135411 0.1591937 -1.238264 -1.890892 0.7672535 0.1503145 -1.002486 0.8243152 0.3298299 -0.3234922 -1.810118 1.295601 0.1827007 1.037279 -1.694855 -0.4179467 0.8211958 -0.9495992 0.8733304 -0.1790381 0.9485824 -1.070874
-9999 -9999 -9999 -9999 -9999 -9999 -9999 -9999 -9999 -9999 -9999 -9999 -9999 -9999 -9999 -9999 -9999 -9999 -9999 -9999 -9999 -9999 -9999 -9999 -9999 -9999 -9999 -9999 -1.089188 0.8170217 -0.7347921 -0.8127784 -1.184403 2.479976 1.374795 -1.640777 1.380557 0.7101941 0.105589 -0.3036986 1.449547 -0.1594784 -0.5281433 -2.294981 -0.5315809 -0.6491264 -1.869193 0.7849902 0.4320727 0.3887488 -0.4236254 0.3995307 0.5700264 -1.213196 -1.05717 0.1902062 -0.1656525 -0.933659 1.493699 1.353004 0.8732579 0.5246118 -0.7405283 -0.6925286 0.3157017 -0.7780707 1.116109 0.1562701 0.2862113 -0.04418738 -0.3918832 -0.5188664 -1.045275
-9999 -9999 -9999 -9999 -9999 -9999 -9999 -9999 -9999 -9999 -9999 -9999 -9999 -9999 -9999 -9999 -9999 -9999 -9999 -9999 -9999 -9999 -9999 -9999 -9999 -9999 -9999 -9999 -0.7989166 -1.602748 0.127079 -2.333896 -0.1755219 -0.2339554 1.74076 -0.08908425 0.611885 -1.598636 -0.4333923 1.04931 -1.144789 -1.208916 0.2691044 1.709308 -0.8259003 1.094302 1.058363 -0.1758241 -2.617893e-005 0.05406167 -0.1439106 -0.05957766 0.6987339 -1.286368 -0.4847262 0.1704399 0.3150552 0.671248 -1.269588 -0.6618681 -1.503682 -1.892999 -0.6509087 0.04085884 1.760457 -0.1205584 0.7608704 0.7869965 -0.3627882 1.134001 1.302966 0.6295884 -0.02792192
-9999 -9999 -9999 -9999 -9999 -9999 -9999 -9999 -9999 -9999 -9999 -9999 -9999 -9999 -9999 -9999 -9999 -9999 -9999 -9999 -9999 -9999 -9999 -9999 -9999 -9999 -9999 -9999 -0.7252161 -0.4444094 0.04360815 1.681384 -0.166115 -0.95864 0.9107385 1.81393 0.502869 -0.06527988 -0.2883083 -1.644943 1.596715 -0.9360063 1.277158 0.1291711 -2.221389 0.719178 0.7597724 0.6453081 0.8738408 -1.359631 1.10667 0.4577534 -1.949445 -2.139564 -0.9433804 0.6140667 0.3377546 1.441018 0.2285625 1.668894 -0.3416989 -1.57353 1.436404 -1.101587 0.3172039 -1.242347 0.5555268 2.37409 0.04897763 1.513777 -0.8757066 -0.3131469 0.08014281
-9999 -9999 -9999 -9999 -9999 -9999 -9999 -9999 -9999 -9999 -9999 -9999 -9999 -9999 -9999 -9999 -9999 -9999 -9999 -9999 -9999 -9999 -9999 -9999 -9999 -9999 -9999 -9999 -2.13418 -0.01000476 0.1370151 2.250247 1.294742 0.6004288 -0.6343523 -0.2532338 -1.708118 -0.3915493 0.2586443 -0.1723 0.5926608 -0.10675 -0.1598539 0.05885202 0.2086642 0.63438 -0.4570333 0.1371614 -0.9560935 0.1394143 1.031997 -1.306868 -3.318218 2.119231 2.044565 -0.8698622 0.2978788 -1.51564 -0.8190647 0.2698156 0.1458382 -0.009764479 -0.4764189 1.181997 0.2414654 -1.396363 0.8165808 0.2036383 1.344467 -0.5275509 0.3857589 0.5307336 -0.1974369
-9999 -9999 -9999 -9999 -9999 -9999 -9999 -9999 -9999 -9999 -9999 -9999 -9999 -9999 -9999 -9999 -9999 -9999 -9999 -9999 -9999 -9999 -9999 -9999 -9999 -9999 -9999 -9999 0.30911 -1.009407 -0.7771403 0.2066923 0.2824679 -0.1212952 -0.724031 1.152658 -0.1585503 -0.4465739 -0.04779032 -0.2738995 2.255405 0.8561603 -1.718894 0.1038895 0.2714954 -0.1667868 0.2911173 -0.8621644 -0.5183397 -0.3384442 -1.406115 0.07945976 2.515711 0.6088916 0.3938801 -0.9886302 -0.1247382 -1.549791 -0.9327556 -0.2604341 0.1038147 -0.7037675 -0.2659358 -1.174307 -0.1962584 -0.7323275 3.336471 -1.871145 -0.004356009 -0.03406479 -1.028064 0.4037674 0.1533494
-9999 -9999 -9999 -9999 -9999 -9999 -9999 -9999 -9999 -9999 -9999 -9999 -9999 -9999 -9999 -9999 -9999 -9999 -9999 -9999 -9999 -9999 -9999 -9999 -9999 -9999 -9999 -1.090526 -1.558934 -2.048569 -0.3824985 -0.7184519 1.172186 2.32889 0.5146851 1.10352 0.8894666 0.909735 0.4891384 2.874857 -0.6007839 -0.1250163 0.2163475 0.7841744 0.7906854 0.2361896 -2.195355 -0.4925002 -1.769558 0.360447 1.048253 -0.5074303 -1.988506 -0.4608164 0.1248659 0.9736584 0.2567904 0.4377313 -0.7738512 0.7635052 -0.2350328 0.476272 0.07043532 0.4322343 -0.1009841 -0.7147648 0.5829212 -0.313371 -0.9447435 -0.3934613 -0.8584367 -0.02896233 -0.7558672
-9999 -9999 -9999 -9999 -9999 -9999 -9999 -9999 -9999 -9999 -9999 -9999 -9999 -9999 -9999 -9999 -9999 -9999 -9999 -9999 -9999 -9999 -9999 -9999 -9999 -9999 -9999 -0.2909435 1.722018 0.404981 -0.3208173 1.466726 -0.7864372 -0.5627137 1.747137 -0.1978884 2.050008 -1.358487 -0.8741722 -0.1036549 0.6093678 0.4163526 -2.273481 -0.1492 1.898269 -0.04957217 0.7823347 0.1518581 0.7012358 -0.599212 0.08176092 1.03018 0.6269598 1.226533 -0.2193795 -0.672757 -0.9810687 1.381035 -0.04869309 -0.08864421 -0.2380682 1.359279 -0.9898214 0.7115056 0.6899255 -0.5249736 0.08553826 0.3089236 -0.6612144 -0.5406044 0.3632397 0.251535 -0.9543127
-9999 -9999 -9999 -9999 -9999 -9999 -9999 -9999 -9999 -9999 -9999 -9999 -9999 -9999 -9999 -9999 -9999 -9999 -9999 -9999 -9999 -9999 -9999 -9999 -9999 -9999 -9999 0.09286529 -0.7851585 -1.669584 0.3955972 -0.37582 0.0274964 -1.38068 -0.7977155 -0.1280841 0.5091349 2.351728 1.139061 2.388195 -0.6361027 -0.6860965 -0.07226727 -0.2222541 2.65503 1.165447 -0.07657691 0.5798553 0.5052887 0.04626518 2.201221 -0.8300263 -0.2579647 0.3080807 -0.4251449 -1.047727 1.807696 0.8899599 0.8061873 1.272007 -0.1649019 0.3888579 -0.2351862 0.4481442 -0.5611138 -0.8993418 0.3215704 0.8685408 0.6770146 0.605774 0.2441097 -1.467069 -0.4368148
-9999 -9999 -9999 -9999 -9999 -9999 -9999 -9999 -9999 -9999 -9999 -9999 -9999 -9999 -9999 -9999 -9999 -9999 -9999 -9999 -9999 -9999 -9999 -9999 -9999 -9999 -9999 1.126824 -0.1444575 -0.7181181 1.229987 0.01947638 1.834062 0.3974706 1.092824 -0.2556365 -0.3069417 -0.01811689 0.6998023 0.07419185 -0.2029056 -0.09881923 1.043275 -1.32218 -1.04159 -0.6041763 0.1959129 0.3772995 -0.654172 -0.0893946 -2.381866 -0.5391045 0.4475828 0.286827 0.9287581 0.7347124 0.5457609 -0.1452773 1.472018 -0.9543191 1.212899 -1.222844 -0.5497095 -0.0004359038 -0.9791391 2.31671 -0.4316568 0.7425933 -0.3020144 -1.280538 -0.2094626 1.320585 -1.393293
-9999 -9999 -9999 -9999 -9999 -9999 -9999 -9999 -9999 -9999 -9999 -9999 -9999 -9999 -9999 -9999 -9999 -9999 -9999 -9999 -9999 -9999 -9999 -9999 -9999 -9999 -9999 -0.08969148 -0.9738673 0.4550874 -1.469228 -1.697072 -0.9136871 -1.761987 1.240626 0.8596541 -0.1534981 -0.7589531 0.8475966 -0.5818123 0.6429951 0.6379939 -0.7514835 -0.7957615 0.4318632 0.9706785 -0.9973454 -0.5087159 0.3246123 -0.2305765 0.9290667 0.5726109 -1.17863 -0.4712722 0.4461132 0.7412795 0.9536388 0.2245549 1.16528 0.2352736 1.342918 0.6677956 -0.3919001 0.2601326 -0.338134 -0.8004324 1.434985 1.016102 1.559863 -1.19806 -0.3240044 -0.5117437 0.5180986
-9999 -9999 -9999 -9999 -9999 -9999 -9999 -9999 -9999 -9999 -9999 -9999 -9999 -9999 -9999 -9999 -9999 -9999 -9999 -9999 -9999 -9999 -9999 -9999 -9999 -9999 1.861528 -0.6509411 -1.379861 -3.225993 0.8055635 0.8978961 -1.519324 0.8402308 -0.05590452 1.263325 0.6760067 -0.5655194 0.495541 1.161222 0.5029739 1.358276 -0.8587689 0.5662613 -0.8677039 1.464669 0.008387411 0.02520173 1.798215 -0.07906955 0.9285324 1.717629 0.4956145 0.570257 0.9689447 -0.4050823 0.08105247 -0.9516365 -0.8241587 1.065628 -0.9584209 -0.199243 -0.1618596 0.1693077 1.318557 0.8777651 1.35384 1.097664 -0.3373434 -0.8715851 -1.098151 1.1924 0.8491731
-9999 -9999 -9999 -9999 -9999 -9999 -9999 -9999 -9999 -9999 -9999 -9999 -9999 -9999 -9999 -9999 -9999 -9999 -9999 -9999 -9999 -9999 -9999 -9999 -9999 -9999 0.07829415 1.672173 2.126605 0.6069577 -1.141525 0.6782264 -0.8517973 -0.6046492 1.258377 0.6153638 0.1233081 0.7071175 0.5952003 -1.25527 0.9002611 -1.658162 0.6097511 1.642901 -1.011514 -1.103809 0.1211871 -0.9808881 0.6497191 -0.02965567 1.229853 -0.6602145 0.5624573 0.5517789 -1.308478 1.059293 -0.6005989 1.077267 0.7748843 -0.7449222 -2.331659 0.114446 0.2312397 -0.4819353 -0.2006837 0.06827807 -1.241947 -0.6401024 0.9916517 0.004328785 0.642425 0.9852736 0.4046064
-9999 -9999 -9999 -9999 -9999 -9999 -9999 -9999 -9999 -9999 -9999 -9999 -9999 -9999 -9999 -9999 -9999 -9999 -9999 -9999 -9999 -9999 -9999 -9999 -9999 -9999 0.5272025 1.00065 -1.476745 -0.4995451 -0.7290676 0.9565335 -1.13176 -0.5082754 0.8487574 -1.595603 0.2358217 -1.438448 -0.1920296 -1.455705 -0.1440655 0.6505408 0.2279931 0.2147356 0.263979 0.6340157 0.1466462 -0.8994446 1.250059 0.8399516 -0.8682103 0.2167029 1.500632 -0.395339 1.578552 0.6371869 1.036349 0.7717288 0.1293288 0.9899518 2.321575 0.9932981 -0.8906057 -0.8277267 -1.027 0.6011528 -1.587973 -0.328474 0.3581216 -0.3694377 -1.507707 -0.7655745 -0.3858744
-9999 -9999 -9999 -9999 -9999 -9999 -9999 -9999 -9999 -9999 -9999 -9999 -9999 -9999 -9999 -9999 -9999 -9999 -9999 -9999 -9999 -9999 -9999 -9999 -9999 -9999 -0.6827161 0.7863356 -1.006827 0.731999 -0.4065065 1.384696 1.047824 -1.3072 -0.1989736 1.688595 0.503737 -1.155415 0.6386557 0.3002877 0.3042879 -1.372566 -0.7272348 -1.552886 -0.8512338 -2.214205 0.6708448 -0.9966521 -0.8902407 -0.0387981 0.5421639 0.2036591 0.1320704 -1.645941 -1.185782 -1.803388 1.611522 2.015743 -0.2685816 -1.107139 -0.8152034 1.392653 -1.04588 0.9451758 -0.3740036 0.6735576 -1.372683 0.347446 -0.2707566 0.2935344 0.01158636 -0.6205907 -0.1563137
-9999 -9999 -9999 -9999 -9999 -9999 -9999 -9999 -9999 -9999 -9999 -9999 -9999 -9999 -9999 -9999 -9999 -9999 -9999 -9999 -9999 -9999 -9999 -9999 -9999 -9999 -0.5079775 -0.3335126 -0.1040584 0.01701114 1.621321 -0.368884 -0.533326 0.6593484 -0.211126 0.01687658 2.824915 0.92208 -0.7234899 1.814572 0.1660628 1.856189 0.233745 0.6236286 -1.701778 0.8659609 -0.3745904 0.3212076 -1.136494 -2.647896 1.364497 0.5214866 0.6829913 0.9056345 -0.1447516 0.7539258 -0.2930413 -2.235534 0.01105608 1.318435 -0.02443461 -0.7166804 0.2531918 -0.1903906 0.4773801 -0.473917 0.04968829 0.3611211 -1.69094 1.259955 -0.4453505 1.253993 -0.5436206
