data/testdata1.asc
ncols         279
nrows         271
xllcorner     166
yllcorner     -47.6
cellsize      0.05
NODATA_value  -9999
[rows 160 to 191 of 271, columns 73 to 145 of 279]
-9999 -9999 -9999 -9999 -9999 -9999 -9999 -9999 -9999 -9999 -9999 -9999 -9999 -9999 -9999 -9999 -9999 -9999 -9999 -9999 -9999 -9999 -9999 -9999 -9999 -9999 -9999 -9999 -9999 -9999 -9999 -9999 -9999 -9999 0.7942067 0.4757035 0.7908716 0.2255539 0.6857362 0.6345953 0.5588429 0.03457484 0.4026041 0.8144268 0.06147594 0.9189983 0.6829248 0.7972994 0.5102507 0.0820151 0.476742 0.8327986 0.09578867 0.007898238 0.8329915 0.1919479 0.7439559 0.752286 0.9153706 0.7719461 0.4071231 0.5644965 0.2096133 0.5641844 0.4530813 0.1543734 0.9846719 0.7980451 0.7141146 0.9161628 0.07030512 0.5729824 0.7587283
-9999 -9999 -9999 -9999 -9999 -9999 -9999 -9999 -9999 -9999 -9999 -9999 -9999 -9999 -9999 -9999 -9999 -9999 -9999 -9999 -9999 -9999 -9999 -9999 -9999 -9999 -9999 -9999 -9999 -9999 -9999 -9999 -9999 -9999 0.150986 0.9326304 0.392404 0.1653287 0.5056655 0.2056062 0.4739679 0.9567742 0.1329456 0.0009627941 0.746483 0.4838636 0.6428925 0.172873 0.4705361 0.3785787 0.02650833 0.433435 0.03777147 0.8316326 0.9811704 0.2005726 0.2670341 0.2470102 0.1306016 0.9498422 0.6262928 0.8066659 0.4518729 0.1326455 0.1928457 0.5078769 0.2219359 0.7233487 0.1643067 0.2357533 0.7961881 0.457808 0.7328725
-9999 -9999 -9999 -9999 -9999 -9999 -9999 -9999 -9999 -9999 -9999 -9999 -9999 -9999 -9999 -9999 -9999 -9999 -9999 -9999 -9999 -9999 -9999 -9999 -9999 -9999 -9999 -9999 -9999 -9999 -9999 -9999 -9999 0.8090961 0.3174908 0.5687227 0.1429061 0.2101829 0.8641498 0.09640342 0.7364494 0.9673067 0.1090658 0.2221069 0.09781685 0.5798391 0.3289504 0.4858007 0.5810286 0.1198595 0.3741386 0.1321184 0.9346515 0.5322047 0.7489114 0.7404869 0.3606363 0.9227984 0.4144743 0.6247842 0.4520626 0.6477625 0.8770921 0.315029 0.07228909 0.01580992 0.1238796 0.4336017 0.2380097 0.4164185 0.9687493 0.278496 0.06871694
-9999 -9999 -9999 -9999 -9999 -9999 -9999 -9999 -9999 -9999 -9999 -9999 -9999 -9999 -9999 -9999 -9999 -9999 -9999 -9999 -9999 -9999 -9999 -9999 -9999 -9999 -9999 -9999 -9999 -9999 -9999 -9999 -9999 0.5682152 0.2509246 0.2636033 0.5801095 0.2742999 0.4873213 0.4626141 0.4727355 0.9286793 0.8104659 0.1489806 0.9097172 0.8693366 0.1303441 0.3719668 0.3423686 0.4276783 0.8822861 0.8418628 0.7035252 0.2569036 0.6942036 0.03374412 0.5923586 0.8517797 0.9171069 0.3888884 0.1037224 0.3223234 0.8314037 0.176347 0.6145286 0.4838892 0.3414799 0.5771743 0.8396562 0.3261629 0.9710599 0.5538116 0.4698906
-9999 -9999 -9999 -9999 -9999 -9999 -9999 -9999 -9999 -9999 -9999 -9999 -9999 -9999 -9999 -9999 -9999 -9999 -9999 -9999 -9999 -9999 -9999 -9999 -9999 -9999 -9999 -9999 -9999 -9999 -9999 -9999 -9999 0.7933543 0.6376286 0.01493976 0.6087067 0.9837227 0.5630406 0.836055 0.7921042 0.899913 0.9485787 0.804036 0.001040815 0.9257494 0.1989678 0.181865 0.2770593 0.8740876 0.1942901 0.538631 0.6757562 0.7692855 0.9542913 0.03395329 0.6439784 0.8367049 0.8690941 0.4406867 0.8696769 0.01174475 0.5588164 0.7184078 0.1669169 0.2809059 0.4245975 0.9501826 0.9585431 0.1673865 0.9535295 0.4551153 0.9190026
-9999 -9999 -9999 -9999 -9999 -9999 -9999 -9999 -9999 -9999 -9999 -9999 -9999 -9999 -9999 -9999 -9999 -9999 -9999 -9999 -9999 -9999 -9999 -9999 -9999 -9999 -9999 -9999 -9999 -9999 -9999 -9999 0.1154631 0.6607519 0.3875464 0.7295508 0.2840564 0.2006632 0.4035783 0.5932576 0.6647629 0.8385442 0.3631577 0.8142366 0.4705313 0.6544662 0.9271781 0.388369 0.9784738 0.2457278 0.1889823 0.4094513 0.8806956 0.3423335 0.6365206 0.3194402 0.4359066 0.7076278 0.1965403 0.1001024 0.2343139 0.8865872 0.6733064 0.4685712 0.3882957 0.3642665 0.8943536 0.1393101 0.961356 0.6969029 0.8757696 0.2149811 0.4478617
-9999 -9999 -9999 -9999 -9999 -9999 -9999 -9999 -9999 -9999 -9999 -9999 -9999 -9999 -9999 -9999 -9999 -9999 -9999 -9999 -9999 -9999 -9999 -9999 -9999 -9999 -9999 -9999 -9999 -9999 -9999 -9999 0.2586819 0.6226945 0.8598612 0.4695422 0.9924423 0.04123803 0.4676574 0.5938188 0.5079182 0.1701534 0.8908361 0.7473497 0.9814868 0.9215776 0.6866111 0.5526678 0.1183493 0.966635 0.9152632 0.7712981 0.9848061 0.3284552 0.1540564 0.6956037 0.09443849 0.6509715 0.1713096 0.497663 0.8106965 0.956001 0.8231258 0.8476771 0.1283931 0.7011062 0.7352766 0.11441 0.8966045 0.9507374 0.332743 0.4601589 0.545477
-9999 -9999 -9999 -9999 -9999 -9999 -9999 -9999 -9999 -9999 -9999 -9999 -9999 -9999 -9999 -9999 -9999 -9999 -9999 -9999 -9999 -9999 -9999 -9999 -9999 -9999 -9999 -9999 -9999 -9999 -9999 0.9806252 0.5551573 0.07520694 0.9149612 0.7737001 0.6698272 0.4031326 0.4366845 0.4416334 0.9934016 0.4697648 0.5794529 0.9392983 0.2667149 0.1798441 0.9750992 0.03640229 0.7272595 0.6598056 0.7873933 0.5071851 0.6611883 0.8009925 0.7972465 0.7927715 0.4748476 0.4317749 0.03869839 0.6986817 0.5983418 0.1810752 0.7981841 0.6899968 0.5336285 0.09579989 0.7895832 0.3466815 0.3596464 0.07467739 0.3175498 0.5415623 0.00697282
-9999 -9999 -9999 -9999 -9999 -9999 -9999 -9999 -9999 -9999 -9999 -9999 -9999 -9999 -9999 -9999 -9999 -9999 -9999 -9999 -9999 -9999 -9999 -9999 -9999 -9999 -9999 -9999 -9999 -9999 -9999 0.1626499 0.2441802 0.8364688 0.1418143 0.2190012 0.5893642 0.9013577 0.1027578 0.4050197 0.03173288 0.5307859 0.3722531 0.6425927 0.3241025 0.1445121 0.4984428 0.5225071 0.02777621 0.2170589 0.3346602 0.5185607 0.2256788 0.8844023 0.5435803 0.8149548 0.08314786 0.9451919 0.105276 0.5594679 0.8188809 0.5690034 0.8916813 0.3549108 0.6485391 0.02412175 0.3699601 0.8013631 0.2635066 0.7373552 0.4972821 0.9016906 0.407307
-9999 -9999 -9999 -9999 -9999 -9999 -9999 -9999 -9999 -9999 -9999 -9999 -9999 -9999 -9999 -9999 -9999 -9999 -9999 -9999 -9999 -9999 -9999 -9999 -9999 -9999 -9999 -9999 -9999 -9999 0.1008246 0.7374949 0.5872719 0.1108123 0.3882263 0.06826793 0.6123827 0.6094276 0.539248 0.9826983 0.5324785 0.5477321 0.6786201 0.800489 0.3743967 0.6337117 0.542721 0.7219738 0.1458858 0.6431166 0.4339237 0.2267983 0.1669046 0.9060334 0.1319724 0.7890083 0.8892019 0.01611399 0.07489055 0.9710438 0.01667804 0.3249599 0.1219207 0.9591391 0.7390274 0.7841636 0.2109949 0.60263 0.8911624 0.6975057 0.2232366 0.01966627 0.8509181
-9999 -9999 -9999 -9999 -9999 -9999 -9999 -9999 -9999 -9999 -9999 -9999 -9999 -9999 -9999 -9999 -9999 -9999 -9999 -9999 -9999 -9999 -9999 -9999 -9999 -9999 -9999 -9999 -9999 0.8933576 0.6356822 0.5190414 0.274816 0.8411379 0.2198877 0.8583714 0.7966074 0.2656912 0.6503806 0.8504585 0.5205159 0.1740948 0.4734796 0.7584299 0.2421662 0.04676889 0.8533172 0.7417295 0.916622 0.9851814 0.04669191 0.4901508 0.1430055 0.4103349 0.913079 0.6899017 0.3405222 0.1245334 0.02229585 0.6341997 0.6783932 0.5489321 0.9223248 0.2908995 0.8221924 0.9493667 0.1297913 0.1396504 0.5590913 0.4629651 0.4055986 0.09108668 0.3645089
-9999 -9999 -9999 -9999 -9999 -9999 -9999 -9999 -9999 -9999 -9999 -9999 -9999 -9999 -9999 -9999 -9999 -9999 -9999 -9999 -9999 -9999 -9999 -9999 -9999 -9999 -9999 -9999 -9999 0.544268 0.5277104 0.6634416 0.04180679 0.05987325 0.7709808 0.9004699 0.9468478 0.3120852 0.9347175 0.6910667 0.6734824 0.8658919 0.8208889 0.4903338 0.4953054 0.5485039 0.4308809 0.7632763 0.5700212 0.2660041 0.8553887 0.3580929 0.5031644 0.8239052 0.5900913 0.2896239 0.6188515 0.8141116 0.08960629 0.4954541 0.2500649 0.6307894 0.3722259 0.1271729 0.3609662 0.6776413 0.4879352 0.9392902 0.8137429 0.8290885 0.6622104 0.3383088 0.5924848
-9999 -9999 -9999 -9999 -9999 -9999 -9999 -9999 -9999 -9999 -9999 -9999 -9999 -9999 -9999 -9999 -9999 -9999 -9999 -9999 -9999 -9999 -9999 -9999 -9999 -9999 -9999 0.5462239 0.7229766 0.5468457 0.2261671 0.1171883 0.4847726 0.03446975 0.9195939 0.9376452 0.694757 0.4602883 0.6041039 0.7026448 0.7711207 0.3480337 0.1765639 0.7170548 0.7506003 0.8225884 0.6451841 0.2893593 0.5875499 0.08386289 0.1571059 0.6137388 0.6756702 0.1502028 0.4048963 0.9529316 0.1548929 0.183829 0.4744478 0.9343762 0.5659217 0.7108085 0.1967856 0.7721353 0.4149298 0.0480557 0.06628027 0.2271008 0.2109133 0.2498662 0.7877666 0.1179801 0.5382006
-9999 -9999 -9999 -9999 -9999 -9999 -9999 -9999 -9999 -9999 -9999 -9999 -9999 -9999 -9999 -9999 -9999 -9999 -9999 -9999 -9999 -9999 -9999 -9999 -9999 -9999 0.01396166 0.3019102 0.4900523 0.8553351 0.149565 0.7302768 0.2757363 0.2423374 0.3167247 0.5795868 0.7332742 0.1315195 0.616703 0.8771543 0.9722365 0.139406 0.8947347 0.2042638 0.7271477 0.4009693 0.9365606 0.4932894 0.1184734 0.8921399 0.496992 0.5162198 0.7768868 0.3499715 0.4730064 0.1270905 0.1433183 0.3529639 0.5338743 0.3208213 0.7572854 0.1240414 0.5208175 0.1709605 0.3460037 0.6186874 0.9286984 0.7088352 0.52678 0.4607355 0.7822412 0.8066084 0.9351858
-9999 -9999 -9999 -9999 -9999 -9999 -9999 -9999 -9999 -9999 -9999 -9999 -9999 -9999 -9999 -9999 -9999 -9999 -9999 -9999 -9999 -9999 -9999 -9999 -9999 0.8760467 0.1428077 0.7259113 0.2988643 0.416071 0.6552085 0.1792702 0.6336464 0.2650045 0.05365157 0.8422995 0.7500799 0.7484975 0.7495375 0.6001663 0.0117524 0.7080235 0.6524515 0.4448034 0.1306552 0.453272 0.3559537 0.6011301 0.30024 0.1403224 0.7335267 0.3603043 0.3948824 0.3880988 0.5071794 0.9325052 0.2982501 0.9456065 0.3512061 0.6317483 0.4230793 0.2224495 0.09360313 0.7052305 0.4848553 0.4951296 0.5776408 0.119708 0.5919014 0.601626 0.746092 0.6174033 0.7143722
-9999 -9999 -9999 -9999 -9999 -9999 -9999 -9999 -9999 -9999 -9999 -9999 -9999 -9999 -9999 -9999 -9999 -9999 -9999 -9999 -9999 -9999 -9999 -9999 0.3235835 0.657397 0.3447265 0.4739025 0.549421 0.2804551 0.3597339 0.3972171 0.2765788 0.8299753 0.7365355 0.9095216 0.6286424 0.4618578 0.3896184 0.3710387 0.3655044 0.2753772 0.9284918 0.4228902 0.9197409 0.6532705 0.6022681 0.3213257 0.70252 0.9807318 0.5450233 0.05710677 0.9915411 0.8058118 0.13444 0.8225486 0.713506 0.5037251 0.2762314 0.388717 0.4336201 0.5075628 0.426846 0.9552816 0.8646262 0.167912 0.1669542 0.03552632 0.2078688 0.3038805 0.1382157 0.9390147 0.6388898
-9999 -9999 -9999 -9999 -9999 -9999 -9999 -9999 -9999 -9999 -9999 -9999 -9999 -9999 -9999 -9999 -9999 -9999 -9999 -9999 -9999 -9999 -9999 0.856084 0.8675066 0.4958885 0.8215542 0.6447445 0.5472003 0.3569198 0.720338 0.2502936 0.1550531 0.05598501 0.7405512 0.7239522 0.8224826 0.9366101 0.6521992 0.7458016 0.6251351 0.6929832 0.2834079 0.4482702 0.7178958 0.961019 0.3214493 0.6029004 0.06755497 0.05395483 0.8676733 0.9828979 0.34563 0.1549772 0.8088454 0.7139619 0.5438439 0.2793801 0.06739078 0.4258959 0.8747602 0.3187546 0.793045 0.01750084 0.520074 0.4797096 0.5584102 0.8472486 0.7890587 0.4296234 0.6209185 0.162237 0.2496707
-9999 -9999 -9999 -9999 -9999 -9999 -9999 -9999 -9999 -9999 -9999 -9999 -9999 -9999 -9999 -9999 -9999 -9999 -9999 -9999 -9999 -9999 0.8950775 0.4330123 0.1879464 0.69048 0.2319593 0.7627179 0.04361003 0.1188884 0.7173696 0.389288 0.2779889 0.8249186 0.6605477 0.7751871 0.8851447 0.2252358 0.700155 0.0008145983 0.7062609 0.7212613 0.4929954 0.2100618 0.8703172 0.1076205 0.1097679 0.1222749 0.4730445 0.9532461 0.450349 0.6731236 0.306661 0.5176373 0.9911076 0.8468772 0.4528897 0.764777 0.1767506 0.7625856 0.5517579 0.03720292 0.7691998 0.07666767 0.5586764 0.9527368 0.4660004 0.7644051 0.8023015 0.08636889 0.1007601 0.342843 -9999
-9999 -9999 -9999 -9999 -9999 -9999 -9999 -9999 -9999 -9999 -9999 -9999 -9999 -9999 -9999 -9999 -9999 -9999 -9999 -9999 0.03773884 0.9551535 0.5338483 0.4005082 0.5535629 0.02140081 0.9246437 0.5063977 0.7788844 0.2612253 0.6309455 0.8259534 0.6911367 0.5112329 0.398963 0.5665776 0.04315871 0.9944585 0.6190856 0.2060125 0.01578343 0.3274459 0.4726116 0.3607484 0.2493316 0.8281091 0.8636328 0.2364634 0.3165123 0.936875 0.6985756 0.9729937 0.6992295 0.5636069 0.07589827 0.196336 0.3317952 0.1728101 0.9484445 0.09018023 0.7730482 0.4196179 0.8209532 0.2994745 0.06987962 0.149059 0.04522427 0.9785205 0.3746648 0.5711069 0.2754411 -9999 -9999
-9999 -9999 -9999 -9999 -9999 -9999 -9999 -9999 -9999 -9999 -9999 -9999 -9999 -9999 -9999 -9999 -9999 0.7754558 0.4118893 0.7759337 0.5262483 0.6212209 0.4078718 0.3970002 0.6624499 0.3060507 0.3228091 0.6886118 0.8301822 0.008138254 0.4620723 0.3595785 0.683762 0.2487095 0.7637994 0.4887204 0.6383248 0.3141423 0.6848816 0.4723779 0.0233889 0.3694919 0.4502305 0.5695775 0.3809512 0.3259227 0.4778273 0.6073543 0.2206143 0.5245458 0.7920526 0.40873 0.5442446 0.2991635 0.237798 0.5058483 0.4526615 0.4804194 0.3078585 0.7007655 0.1468587 0.9038552 0.3961063 0.03639783 0.6362556 0.9843736 0.2889461 0.7401252 0.4664807 -9999 -9999 -9999 -9999
-9999 -9999 -9999 -9999 -9999 -9999 -9999 -9999 -9999 -9999 -9999 -9999 -9999 -9999 -9999 0.8322255 0.6455311 0.4907115 0.07559833 0.9342634 0.4008156 0.1088214 0.125081 0.6806903 0.5938085 0.3650991 0.02179757 0.3820196 0.7360083 0.8053561 0.8895893 0.4974008 0.8136603 0.5274823 0.7397637 0.7120116 0.09854708 0.4326665 0.2291518 0.4402321 0.3689367 0.1836487 0.4845703 0.5670998 0.1031854 0.1825025 0.05619102 0.2405456 0.2084979 0.8804504 0.06231629 0.5269121 0.8473431 0.7322091 0.5880606 0.7422515 0.9240264 0.1073666 0.4004385 0.2719066 0.7939184 0.4712901 0.04235858 0.6908714 0.7578394 0.1480657 0.3680241 -9999 -9999 -9999 -9999 -9999 -9999
-9999 -9999 -9999 -9999 -9999 -9999 -9999 -9999 -9999 -9999 -9999 -9999 0.877151 0.8188385 0.7470388 0.04297386 0.6086255 0.6216415 0.9041374 0.2271986 0.1453022 0.5465679 0.5286512 0.7516125 0.06187021 0.5174237 0.3813729 0.9776818 0.4295546 0.7289046 0.9297144 0.87431 0.3974155 0.3831674 0.509084 0.9829258 0.2619286 0.6490593 0.7537944 0.7614769 0.8373455 0.4065022 0.6100019 0.3698306 0.9393374 0.3385338 0.2431778 0.9590803 0.7944181 0.933505 0.1526096 0.5272587 0.1876493 0.9599333 0.8054346 0.4039565 0.1611273 0.9765126 0.1027044 0.4263481 0.07575012 0.4397792 0.9899803 0.8691233 -9999 -9999 -9999 -9999 -9999 -9999 -9999 -9999 -9999
-9999 -9999 -9999 -9999 -9999 -9999 -9999 -9999 -9999 -9999 -9999 0.03702215 0.6984698 0.6301243 0.1001475 0.8695506 0.6800582 0.6002747 0.6237685 0.9247214 0.7000062 0.5484771 0.8767267 0.6932008 0.8556966 0.3467531 0.2077247 0.9525967 0.9820758 0.5037974 0.7612565 0.6514918 0.3862737 0.1134639 0.2376174 0.625508 0.2736289 0.1665335 0.2505704 0.4579018 0.92762 0.03826266 0.8451681 0.797192 0.7062039 0.9642138 0.7382309 0.4443172 0.9170599 0.3168662 0.8439829 0.5218254 0.6342397 0.4955092 0.6473414 0.03759486 0.5187246 0.2419154 0.9873654 0.1555862 0.7053879 0.1942959 0.8133586 -9999 -9999 -9999 -9999 -9999 -9999 -9999 -9999 -9999 -9999
-9999 -9999 -9999 -9999 -9999 -9999 -9999 -9999 -9999 -9999 0.01038052 0.8329508 0.4542197 0.8399037 0.5026782 0.1807465 0.8137628 0.1465171 0.5864015 0.1854431 0.8518941 0.8858898 0.03324573 0.5023379 0.1634975 0.40574 0.07994804 0.7497563 0.1181915 0.2107838 0.5681804 0.1323422 0.6740497 0.03329127 0.5102233 0.4745063 0.8983527 0.97005 0.8929207 0.2265287 0.5078719 0.7482337 0.5324168 0.005819039 0.741183 0.1826779 0.7921728 0.2358326 0.8755126 0.8870617 0.9767668 0.4451425 0.7006146 0.3014951 0.2139729 0.7891679 0.2621784 0.09901381 0.6376231 0.3570594 0.1872689 0.03347928 -9999 -9999 -9999 -9999 -9999 -9999 -9999 -9999 -9999 -9999 -9999
-9999 -9999 -9999 -9999 -9999 -9999 -9999 -9999 -9999 0.9015689 0.3488833 0.9652988 0.6943132 0.3767151 0.7896436 0.9540944 0.5325211 0.7222458 0.04894077 0.9236266 0.1509876 0.7363071 0.4347743 0.4922396 0.2553946 0.9588211 0.6946123 0.04751917 0.9221668 0.3953618 0.292979 0.8783723 0.3702 0.5105641 0.06794906 0.6078887 0.5177462 0.8035631 0.329048 0.7394836 0.8869545 0.2779646 0.4590587 0.1288212 0.4185683 0.1188472 0.08223452 0.1940199 0.7592791 0.8892955 0.8614181 0.6766389 0.5842357 0.5589647 0.9865672 0.7659453 0.5172107 0.6771757 0.4171859 0.3989631 0.2109227 -9999 -9999 -9999 -9999 -9999 -9999 -9999 -9999 -9999 -9999 -9999 -9999
-9999 -9999 -9999 -9999 -9999 -9999 -9999 -9999 0.9834455 0.3596793 0.1547017 0.5488472 0.2571094 0.05953643 0.8351404 0.2654858 0.5249538 0.8639292 0.398947 0.4590075 0.5381508 0.8239527 0.5595203 0.8405794 0.6884516 0.2122746 0.6113903 0.3005835 0.01917322 0.09564565 0.7087824 0.6471414 0.5994654 0.5050649 0.2887129 0.09854636 0.07436024 0.7661026 0.9511166 0.5921009 0.2031016 0.551878 0.1085042 0.9718612 0.1982569 0.2211952 0.7176524 0.1177872 0.6781093 0.004332995 0.4058243 0.07879971 0.04483194 0.5989928 0.3040213 0.2722427 0.1009427 0.7389022 0.8997666 0.8122529 0.7165406 -9999 -9999 -9999 -9999 -9999 -9999 -9999 -9999 -9999 -9999 -9999 -9999
-9999 -9999 -9999 -9999 -9999 -9999 0.7537842 0.7270083 0.3392098 0.7408469 0.4248039 0.3506896 0.2528072 0.1709 0.6008234 0.2441609 0.2198458 0.2043235 0.1434387 0.8638784 0.3744207 0.1679427 0.365555 0.663689 0.277156 0.3724236 0.4671781 0.4710511 0.2982614 0.740447 0.3813608 0.5702865 0.06699508 0.6731637 0.5928072 0.8053635 0.05003279 0.9674306 0.491632 0.01471168 0.3212433 0.5963283 0.8247769 0.1105672 0.5853699 0.1654599 0.8075824 0.1153499 0.5181187 0.8575314 0.4580168 0.4675718 0.4851521 0.6777127 0.7160605 0.909776 0.7024897 0.8122802 0.9107473 0.2710078 0.900815 -9999 -9999 -9999 -9999 -9999 -9999 -9999 -9999 -9999 -9999 -9999 -9999
-9999 -9999 -9999 0.877533 0.6898423 0.6312485 0.6853296 0.7088947 0.1346473 0.7291791 0.6704336 0.1520344 0.4660875 0.9716505 0.6316507 0.1136682 0.3321624 0.1756957 0.04694436 0.8729644 0.1578039 0.4298469 0.8549256 0.443115 0.4312519 0.6842242 0.6494333 0.1555649 0.2599638 0.7195292 0.1748949 0.02939609 0.508553 0.5574456 0.9349697 0.488369 0.8312603 0.3749459 0.7269725 0.9881197 0.911455 0.9850039 0.9145781 0.1160132 0.2206693 0.9462144 0.2513088 0.7261537 0.6096616 0.3638182 0.06730068 0.67205 0.04401278 0.4446339 0.6318533 0.6994384 0.7967532 0.8683957 0.5042594 0.06176057 0.4105208 -9999 -9999 -9999 -9999 -9999 -9999 -9999 -9999 -9999 -9999 -9999 -9999
-9999 -9999 0.6083863 0.9445089 0.07406032 0.01060778 0.7783692 0.4135321 0.5363353 0.08511331 0.3657707 0.8498955 0.7947505 0.7013271 0.9938521 0.1964217 0.6652935 0.3209392 0.8125016 0.0404186 0.6113061 0.3969267 0.8578529 0.6871659 0.1284938 0.2146184 0.1033109 0.5966827 0.7275922 0.8772907 0.2644831 0.9962763 0.07718902 0.7487941 0.420518 0.4813724 0.8692025 0.6657119 0.5143486 0.4171261 0.9695166 0.231549 0.7943432 0.953315 0.4162715 0.5054533 0.2598618 0.4650123 0.8283113 0.3979674 0.1732192 0.2315427 0.7862872 0.0863115 0.7005541 0.1662181 0.7489176 0.7616984 0.7441044 0.4093554 0.06690388 -9999 -9999 -9999 -9999 -9999 -9999 -9999 -9999 -9999 -9999 -9999 -9999
-9999 0.4900625 0.2504835 0.1867976 0.496426 0.5275192 0.7235081 0.8697328 0.8443419 0.5469807 0.6083058 0.261947 0.8679093 0.6788417 0.03540489 0.8464125 0.2965409 0.9930878 0.355381 0.8021616 0.2223973 0.7475858 0.07757706 0.6998435 0.7910595 0.04653127 0.515856 0.2636869 0.1304849 0.471552 0.4538836 0.2623696 0.3307434 0.247968 0.1424426 0.5912936 0.2870345 0.5087071 0.9412791 0.6087667 0.2184871 0.2183774 0.917979 0.7885906 0.6752385 0.3199961 0.7163764 0.7515546 0.8462967 0.6668736 0.006993135 0.7383367 0.980682 0.3021551 0.8320092 0.5863097 0.7343518 0.6485177 0.1572649 0.2727542 0.255405 0.1705238 -9999 -9999 -9999 -9999 -9999 -9999 -9999 -9999 -9999 -9999 -9999
0.5658506 0.4288743 0.6224173 0.4943404 0.5340862 0.516976 0.6746392 0.1390826 0.820523 0.9710987 0.9874969 0.610345 0.313727 0.441325 0.4761451 0.03056898 0.005794942 0.7297912 0.1530434 0.1831608 0.8949426 0.04776783 0.5246853 0.6308998 0.2669986 0.5735203 0.7734832 0.4163781 0.4183049 0.1234521 0.2873085 0.6569711 0.8825231 0.7490281 0.09919009 0.3468394 0.2238481 0.07198027 0.7996668 0.6784621 0.4591265 0.1702933 0.4842979 0.1962014 0.1713823 0.8274726 0.2988285 0.09439784 0.3772485 0.9575932 0.1445123 0.9724978 0.2108051 0.01862942 0.10609 0.3597114 0.486323 0.2265666 0.164924 0.321702 0.2024147 0.3827935 -9999 -9999 -9999 -9999 -9999 -9999 -9999 -9999 -9999 -9999 -9999
0.0661751 0.9194056 0.104699 0.8861963 0.3660463 0.3641421 0.1209584 0.8137217 0.3542474 0.6360119 0.481722 0.1887785 0.05325955 0.8861237 0.2823544 0.7278821 0.8870071 0.8588631 0.4025981 0.4181932 0.08442239 0.2554184 0.005841441 0.3126837 0.2275415 0.8512115 0.2141671 0.4854587 0.256631 0.4297365 0.7716824 0.7097356 0.2448464 0.5953035 0.5086303 0.4209782 0.2549212 0.5271888 0.4187825 0.5276881 0.5903881 0.737692 0.1626128 0.632352 0.7538305 0.8965986 0.8087522 0.225045 0.4246662 0.7845493 0.6262258 0.4121903 0.7689611 0.4378151 0.7399696 0.7429758 0.3937759 0.5469792 0.4621297 0.6959256 -9999 -9999 0.1116426 0.388129 0.8559708 -9999 -9999 -9999 -9999 -9999 -9999 -9999 -9999
