data/testdata1.asc
ncols         279
nrows         271
xllcorner     166
yllcorner     -47.6
cellsize      0.05
NODATA_value  -9999
[rows 192 to 223 of 271, columns 73 to 145 of 279]
0.8834236 0.9361246 0.4230749 0.01688361 0.7309462 0.01073493 0.2504746 0.9966592 0.1280784 0.8069833 0.8724968 0.0008991093 0.9643859 0.3846736 0.6490819 0.2157579 0.6180967 0.7475338 0.9138187 0.322217 0.427049 0.05146774 0.04840665 0.4875407 0.1322946 0.8323383 0.6860254 0.4075114 0.8568584 0.565782 0.1061102 0.211948 0.1821545 0.8715546 0.8830333 0.04600468 0.8845588 0.674908 0.8511919 0.1397505 0.8946371 0.6374986 0.4490027 0.1785311 0.04153005 0.1703266 0.5043015 0.7866113 0.1449941 0.3412069 0.5236508 0.9365985 0.01759903 0.9892709 0.5480517 0.09714851 0.9395809 0.3589996 0.6375638 0.9314511 0.1688525 0.5662884 0.04733029 0.3589981 0.04866876 0.2090422 0.1575096 0.7931319 -9999 -9999 -9999 -9999 -9999
0.7163779 0.3698666 0.1201374 0.8963395 0.727127 0.354505 0.0122611 0.9621495 0.02303777 0.959468 0.0810227 0.3482378 0.5822722 0.258983 0.2174945 0.6634156 0.5460322 0.9970925 0.2522783 0.2611386 0.8389212 0.5820386 0.2184445 0.2749069 0.9025869 0.4283043 0.5090033 0.1575717 0.3551445 0.208811 0.2414064 0.7870484 0.3888825 0.5797713 0.1415802 0.2009357 0.7187486 0.9406995 0.2599903 0.02254071 0.8941174 0.7920772 0.8322371 0.640811 0.7863391 0.2531757 0.596683 0.2066722 0.06456988 0.3025344 0.8816103 0.5082722 0.4723829 0.3035957 0.7744108 0.7876316 0.717661 0.3779961 0.6853066 0.5612003 0.7882706 0.1890132 0.618102 0.5068206 0.5060167 0.6976693 0.4604664 0.4795958 0.1313793 -9999 -9999 -9999 -9999
0.6238813 0.9357988 0.06537426 0.1116141 0.561268 0.554208 0.8514389 0.5728877 0.0497268 0.1369153 0.3315339 0.9605378 0.1043955 0.4506262 0.04677503 0.2596005 0.7167453 0.674598 0.6548704 0.3433715 0.2845128 0.1381889 0.6979429 0.5410334 0.8580377 0.04668777 0.09300855 0.9748141 0.265507 0.007925603 0.9076113 0.9791754 0.1796053 0.1721681 0.9831142 0.9145349 0.1880717 0.7977895 0.9681463 0.688017 0.9306623 0.05522752 0.3247066 0.2937368 0.3650197 0.88172 0.8694236 0.6851137 0.2239482 0.6993222 0.4124712 0.291718 0.7265955 0.8087055 0.05664131 0.4931475 0.6060405 0.2712381 0.7190719 0.3624353 0.5157876 0.09184575 0.4381323 0.9914901 0.877667 -9999 0.02796358 0.711066 0.2336413 -9999 -9999 -9999 -9999
0.5178546 0.4237098 0.5632295 0.51068 0.3075198 0.5034547 0.8161734 0.6114804 0.9429732 0.6811982 0.4501615 0.723242 0.7348276 0.6159684 0.9940759 0.4799454 0.4935278 0.9094356 0.9669871 0.8445662 0.319634 0.6217815 0.9828908 0.9003343 0.7261362 0.9789743 0.7187249 0.7396504 0.4052999 0.3339508 0.5581688 0.01315781 0.9525431 0.4442041 0.7237235 0.7014711 0.8598444 0.1282776 0.7095723 0.6720612 0.09118267 0.3636654 0.8277242 0.5837957 0.5525074 0.8886194 0.6799372 0.701637 0.768741 0.3703615 0.3679234 0.1839951 0.08031173 0.2022032 0.2543357 0.4052377 0.6717185 0.9920709 0.08703501 0.8758561 0.7446262 0.8049375 0.2991391 0.3227878 0.1479929 -9999 0.297353 0.4923943 0.7777278 -9999 -9999 -9999 -9999
0.7967235 0.9793169 0.2342445 0.1397389 0.2174644 0.8130713 0.3829566 0.3225248 0.9679653 0.1006595 0.7279243 0.6168826 0.09231764 0.7530055 0.2527304 0.006253961 0.2870936 0.6061584 0.4905329 0.8700304 0.05588765 0.1412632 0.3758728 0.7054778 0.7740135 0.4115625 0.662886 0.5879411 0.2258578 0.48893 0.9724232 0.181831 0.1773898 0.7424347 0.5305747 0.1148911 0.5463275 0.2614369 0.6611027 0.5282472 0.7324598 0.7357149 0.09427813 0.614737 0.6706248 0.1051234 0.1546262 0.9580216 0.1688452 0.2912828 0.8900756 0.4849779 0.09411857 -9999 -9999 -9999 -9999 -9999 -9999 -9999 -9999 -9999 -9999 0.007005918 0.8728487 0.3628712 0.6711471 -9999 -9999 -9999 -9999 -9999 -9999
0.5740359 0.110306 0.6962298 0.2915923 0.3267576 0.1917928 0.4964251 0.3952312 0.1164063 0.09627055 0.681559 0.1005728 0.4506086 0.1486837 0.228687 0.9901682 0.1784979 0.4216728 0.6684077 0.9437028 0.2790448 0.03855261 0.9845211 0.5757404 0.4501683 0.7614472 0.5957178 0.614874 0.3111281 0.4270808 0.7318 0.286782 0.03069873 0.7927253 0.5169331 0.7636914 0.1936248 0.3548034 0.07242952 0.7427465 0.7178569 0.7026486 0.9515622 0.215785 0.6350694 0.9699214 0.2189113 0.493019 0.5469592 -9999 -9999 -9999 -9999 -9999 -9999 -9999 -9999 -9999 -9999 -9999 -9999 -9999 -9999 -9999 -9999 -9999 -9999 -9999 -9999 -9999 -9999 -9999 -9999
0.7900675 0.2775201 0.2664027 0.221686 0.7617916 0.02326455 0.7075529 0.2933646 0.4820738 0.4667923 0.1622515 0.1584425 0.3350551 0.7914806 0.8778979 0.2946769 0.370419 0.8420379 0.960427 0.06491143 0.3231671 0.1550214 0.07572602 0.04642137 0.8873006 0.6651359 0.8112056 0.3172907 0.3059083 0.8998138 0.2600294 0.01232034 0.3401604 0.4745765 0.3904982 0.4609676 0.6797096 0.7016771 0.7630911 0.2198167 0.8569968 0.124524 0.1576629 0.3120812 0.7279648 0.7903859 0.6732975 -9999 -9999 -9999 -9999 -9999 -9999 -9999 -9999 -9999 -9999 -9999 -9999 -9999 -9999 -9999 -9999 -9999 -9999 -9999 -9999 -9999 -9999 -9999 -9999 -9999 -9999
0.7306209 0.03573263 0.8607051 0.4870215 0.3990618 0.8267501 0.7329754 0.329892 0.7619877 0.7925552 0.1106747 0.7206796 0.2709263 0.4284643 0.6234389 0.3145897 0.307657 0.7132077 0.9601842 0.2518289 0.6737138 0.8396422 0.3918123 0.5074576 0.5994174 0.5743703 0.8446966 0.2764001 0.5849407 0.3087657 0.3374501 0.9561107 0.3859034 0.8639047 0.5934739 0.2893959 0.4559999 0.1119042 0.6417871 0.2298926 0.1591572 0.4761663 0.2186389 0.09270364 0.06372421 -9999 -9999 -9999 -9999 -9999 -9999 -9999 -9999 -9999 -9999 -9999 -9999 -9999 -9999 -9999 -9999 -9999 -9999 -9999 -9999 -9999 -9999 -9999 -9999 -9999 -9999 -9999 -9999
0.07818998 0.3735752 0.5321514 0.6850947 0.648711 0.2917041 0.02018216 0.1815294 0.1886549 0.8873942 0.393959 0.7452504 0.3636797 0.70516 0.9250129 0.4414099 0.565899 0.4028737 0.576785 0.3705146 0.3145171 0.2959546 0.6962761 0.9333186 0.5041195 0.2960896 0.7096043 0.5214968 0.06312043 0.5569851 0.8839672 0.4466003 0.5848667 0.1396507 0.2185111 0.9197927 0.4938968 0.009713058 0.5266069 0.8948675 0.3098574 0.6792618 -9999 -9999 -9999 -9999 -9999 -9999 -9999 -9999 -9999 -9999 -9999 -9999 -9999 -9999 -9999 -9999 -9999 -9999 -9999 -9999 -9999 -9999 -9999 -9999 -9999 -9999 -9999 -9999 -9999 -9999 -9999
0.03272315 0.2155607 0.6770512 0.1879161 0.4005225 0.4309986 0.362618 0.8135462 0.1836773 0.501821 0.1363732 0.2327192 0.770109 0.6191679 0.02351392 0.2519699 0.8684939 0.08491259 0.2988252 0.4688639 0.277062 0.4857336 0.335557 0.1745857 0.1406776 0.08984321 0.7238325 0.6354326 0.5087 0.02887234 0.9710875 0.8157153 0.006126276 0.8274115 0.09704123 0.6045642 0.4305152 0.842708 0.435698 0.609143 -9999 -9999 -9999 -9999 -9999 -9999 -9999 -9999 -9999 -9999 -9999 -9999 -9999 -9999 -9999 -9999 -9999 -9999 -9999 -9999 -9999 -9999 -9999 -9999 -9999 -9999 -9999 -9999 -9999 -9999 -9999 -9999 -9999
0.6981741 0.3669667 0.2293469 0.9081312 0.4313942 0.1873397 0.7148277 0.9041541 0.4519822 0.7604686 0.3489419 0.762091 0.3453577 0.27942 0.09928856 0.8442666 0.3055983 0.5231524 0.194102 0.3519491 0.8075583 0.9925019 0.3197616 0.7289146 0.9703947 0.4094507 0.415958 0.2095428 0.6749983 0.3921752 0.6310152 0.8239442 0.4978317 0.1183764 0.999869 0.1726179 0.523674 0.7893911 -9999 -9999 -9999 -9999 -9999 -9999 -9999 -9999 -9999 -9999 -9999 -9999 -9999 -9999 -9999 -9999 -9999 -9999 -9999 -9999 -9999 -9999 -9999 -9999 -9999 -9999 -9999 -9999 -9999 -9999 -9999 -9999 -9999 -9999 -9999
0.0314422 0.08885464 0.7150168 0.1693152 0.3233994 0.9216664 0.2486026 0.2309948 0.7176965 0.0402495 0.5064391 0.6945791 0.3587783 0.3194219 0.3041208 0.8988522 0.2712922 0.2870929 0.1363959 0.8587612 0.86131 0.1323198 0.9303399 0.7363628 0.1245793 0.7797709 0.03681034 0.2844276 0.8743067 0.09309464 0.2726837 0.8251992 0.3009724 0.2696949 0.8263727 0.3268107 -9999 -9999 -9999 -9999 -9999 -9999 -9999 -9999 -9999 -9999 -9999 -9999 -9999 -9999 -9999 -9999 -9999 -9999 -9999 -9999 -9999 -9999 -9999 -9999 -9999 -9999 -9999 -9999 -9999 -9999 -9999 -9999 -9999 -9999 -9999 -9999 -9999
0.2432181 0.4224606 0.8331903 0.3662335 0.9858668 0.2236292 0.5094634 0.5522603 0.458588 0.04334993 0.8786639 0.2067984 0.6617414 0.6664175 0.004421949 0.3041035 0.2437729 0.5737482 0.7885177 0.9189713 0.7104437 0.6232871 0.5648753 0.847099 0.4192149 0.3129489 0.1349638 0.3387279 0.9212881 0.9380872 0.3071031 0.7580671 0.2138035 0.9559975 -9999 -9999 -9999 -9999 -9999 -9999 -9999 -9999 -9999 -9999 -9999 -9999 -9999 -9999 -9999 -9999 -9999 -9999 -9999 -9999 -9999 -9999 -9999 -9999 -9999 -9999 -9999 -9999 -9999 -9999 -9999 -9999 -9999 -9999 -9999 -9999 -9999 -9999 -9999
0.2714052 0.1015691 0.1972484 0.9243679 0.8787758 0.3034753 0.2584714 0.4481041 0.8233416 0.7734236 0.7396271 0.04903539 0.7046176 0.05532219 0.6254309 0.4727684 0.910403 0.3895056 0.1157626 0.1287431 0.1785491 0.3204006 0.7362615 0.5201648 0.3345075 0.464349 0.9059541 0.4903419 0.01716106 8.538202e-005 0.2744118 0.3479302 0.2054344 -9999 -9999 -9999 -9999 -9999 -9999 -9999 -9999 -9999 -9999 -9999 -9999 -9999 -9999 -9999 -9999 -9999 -9999 -9999 -9999 -9999 -9999 -9999 -9999 -9999 -9999 -9999 -9999 -9999 -9999 -9999 -9999 -9999 -9999 -9999 -9999 -9999 -9999 -9999 -9999
0.9990717 0.09871083 0.7306494 0.7724237 0.5276937 0.4467887 0.444124 0.981141 0.8544326 0.7861432 0.8464839 0.7131367 0.2506056 0.01801642 0.1355373 0.6813675 0.2307097 0.9173843 0.7694837 0.5361217 0.9393839 0.1869111 0.7230175 0.6553035 0.6672784 0.5616862 0.2785873 0.2667465 0.5583305 0.7772414 0.9153125 0.21506 -9999 -9999 -9999 -9999 -9999 -9999 -9999 -9999 -9999 -9999 -9999 -9999 -9999 -9999 -9999 -9999 -9999 -9999 -9999 -9999 -9999 -9999 -9999 -9999 -9999 -9999 -9999 -9999 -9999 -9999 -9999 -9999 -9999 -9999 -9999 -9999 -9999 -9999 -9999 -9999 -9999
0.9353512 0.5014328 0.973648 0.06071873 0.5658257 0.3165304 0.5175914 0.7007436 0.6531048 0.419756 0.6564166 0.2923548 0.5982705 0.8859854 0.707351 0.6413622 0.3395905 0.6792698 0.5249298 0.393557 0.1779577 0.0007363076 0.2971382 0.1892523 0.4968607 0.1403944 0.2673359 0.7279806 0.689386 0.8953489 0.1944617 0.3058472 -9999 -9999 -9999 -9999 -9999 -9999 -9999 -9999 -9999 -9999 -9999 -9999 -9999 -9999 -9999 -9999 -9999 -9999 -9999 -9999 -9999 -9999 -9999 -9999 -9999 -9999 -9999 -9999 -9999 -9999 -9999 -9999 -9999 -9999 -9999 -9999 -9999 -9999 -9999 -9999 -9999
0.3227212 0.5507045 0.1972279 0.7521051 0.7312653 0.1762016 0.05823483 0.6588641 0.8606494 0.2987694 0.3707818 0.8835562 0.5676632 0.686891 0.3970921 0.4924014 0.06396981 0.9699656 0.8251854 0.8306271 0.4964285 0.7684357 0.3277159 0.3107974 0.2500728 0.593445 0.9997163 0.001925144 0.5362456 0.8285278 0.7377483 0.8318638 -9999 -9999 -9999 -9999 -9999 -9999 -9999 -9999 -9999 -9999 -9999 -9999 -9999 -9999 -9999 -9999 -9999 -9999 -9999 -9999 -9999 -9999 -9999 -9999 -9999 -9999 -9999 -9999 -9999 -9999 -9999 -9999 -9999 -9999 -9999 -9999 -9999 -9999 -9999 -9999 -9999
0.235115 0.834065 0.398868 0.2325981 0.3517379 0.4894433 0.8128945 0.4500955 0.6758362 0.9789791 0.0101682 0.6805553 0.1427862 0.1195145 0.1080188 0.8510873 0.1195589 0.1701676 0.8615476 0.2418436 0.5719564 0.4360922 0.3484417 0.5057948 0.09512971 0.9698939 0.2983201 0.9424106 0.6198773 0.9332025 0.3791107 -9999 -9999 -9999 -9999 -9999 -9999 -9999 -9999 -9999 -9999 -9999 -9999 -9999 -9999 -9999 -9999 -9999 -9999 -9999 -9999 -9999 -9999 -9999 -9999 -9999 -9999 -9999 -9999 -9999 -9999 -9999 -9999 -9999 -9999 -9999 -9999 -9999 -9999 -9999 -9999 -9999 -9999
0.6788507 0.148529 0.09645056 0.7627931 0.6406473 0.2441576 0.8385105 0.9755303 0.2052701 0.9784731 0.40213 0.501649 0.5293973 0.5773485 0.7839301 0.2575205 0.7763141 0.4790135 0.7758353 0.5272682 0.2802196 0.1184779 0.8422707 0.4522697 0.2769391 0.4502372 0.4700154 0.04018952 0.2635441 0.02175869 -9999 -9999 -9999 -9999 -9999 -9999 -9999 -9999 -9999 -9999 -9999 -9999 -9999 -9999 -9999 -9999 -9999 -9999 -9999 -9999 -9999 -9999 -9999 -9999 -9999 -9999 -9999 -9999 -9999 -9999 -9999 -9999 -9999 -9999 -9999 -9999 -9999 -9999 -9999 -9999 -9999 -9999 -9999
0.9703964 0.3214779 0.1085484 0.3796149 0.2508707 0.3023798 0.1971177 0.9362658 0.3837061 0.3887229 0.1986641 0.04119685 0.9145615 0.01584139 0.2906901 0.434285 0.4777954 0.2482351 0.9719418 0.7693626 0.2586238 0.5298136 0.7140195 0.01485259 0.5373096 0.3755468 0.2262711 0.7020593 0.6278834 0.06702141 -9999 -9999 -9999 -9999 -9999 -9999 -9999 -9999 -9999 -9999 -9999 -9999 -9999 -9999 -9999 -9999 -9999 -9999 -9999 -9999 -9999 -9999 -9999 -9999 -9999 -9999 -9999 -9999 -9999 -9999 -9999 -9999 -9999 -9999 -9999 -9999 -9999 -9999 -9999 -9999 -9999 -9999 -9999
0.1597617 0.7619717 0.7488438 0.2075116 0.03361777 0.1016185 0.1576379 0.2667019 0.7434862 0.1566768 0.003162373 0.05740988 0.895409 0.8719451 0.1175716 0.08865051 0.8797451 0.9874641 0.225369 0.1276939 0.3850864 0.9303626 0.5295891 0.968864 0.5723301 0.6637344 0.614385 0.6906187 0.4714074 0.8050464 -9999 -9999 -9999 -9999 -9999 -9999 -9999 -9999 -9999 -9999 -9999 -9999 -9999 -9999 -9999 -9999 -9999 -9999 -9999 -9999 -9999 -9999 -9999 -9999 -9999 -9999 -9999 -9999 -9999 -9999 -9999 -9999 -9999 -9999 -9999 -9999 -9999 -9999 -9999 -9999 -9999 -9999 -9999
0.9774826 0.08927139 0.2719338 0.4846531 0.2049937 0.5122783 0.7383686 0.6660391 0.03951157 0.4223653 0.2430433 0.8249785 0.48201 0.8255683 0.7832159 0.9023598 0.4716493 0.01370488 0.06105488 0.1352291 0.4709816 0.7267281 0.05517228 0.7289097 0.601937 0.3502363 0.4241879 0.2205273 0.1450912 0.7106386 -9999 -9999 -9999 -9999 -9999 -9999 -9999 -9999 -9999 -9999 -9999 -9999 -9999 -9999 -9999 -9999 -9999 -9999 -9999 -9999 -9999 -9999 -9999 -9999 -9999 -9999 -9999 -9999 -9999 -9999 -9999 -9999 -9999 -9999 -9999 -9999 -9999 -9999 -9999 -9999 -9999 -9999 -9999
0.06834366 0.1362438 0.5773445 0.147614 0.7169169 0.1449932 0.6466129 0.5739554 0.5179141 0.1248529 0.9849497 0.1004394 0.4901806 0.9732503 0.577486 0.3988545 0.9890034 0.8768738 0.2122248 0.4586921 0.7102602 0.6390653 0.5408319 0.08836747 0.6984771 0.4329939 0.5495828 0.1234721 0.4212914 0.7931113 -9999 -9999 -9999 -9999 -9999 -9999 -9999 -9999 -9999 -9999 -9999 -9999 -9999 -9999 -9999 -9999 -9999 -9999 -9999 -9999 -9999 -9999 -9999 -9999 -9999 -9999 -9999 -9999 -9999 -9999 -9999 -9999 -9999 -9999 -9999 -9999 -9999 -9999 -9999 -9999 -9999 -9999 -9999
0.2096245 0.3377386 0.9492877 0.5984303 0.9985018 0.8838905 0.2231204 0.1682732 0.06540225 0.5952435 0.8969249 0.1915773 0.62522 0.8303345 0.2225903 0.05542099 0.6150936 0.2582624 0.1704661 0.982469 0.105783 0.07377595 0.7489417 0.2402012 0.9825773 0.5912682 0.624808 0.1352974 0.2082344 0.2801769 0.8569002 -9999 -9999 -9999 -9999 -9999 -9999 -9999 -9999 -9999 -9999 -9999 -9999 -9999 -9999 -9999 -9999 -9999 -9999 -9999 -9999 -9999 -9999 -9999 -9999 -9999 -9999 -9999 -9999 -9999 -9999 -9999 -9999 -9999 -9999 -9999 -9999 -9999 -9999 -9999 -9999 -9999 -9999
0.4913383 0.6786558 0.6399764 0.9465751 0.1408938 0.8259324 0.5100107 0.903784 0.4829825 0.01860992 0.1825963 0.4870064 0.6993145 0.3321478 0.4585002 0.9793511 0.8455167 0.5286053 0.8137975 0.3897112 0.8611423 0.02270589 0.07589713 0.01453138 0.1773371 0.9924327 0.853473 0.1753574 0.4846613 0.9466559 -9999 -9999 -9999 -9999 -9999 -9999 -9999 -9999 -9999 -9999 -9999 -9999 -9999 -9999 -9999 -9999 -9999 -9999 -9999 -9999 -9999 -9999 -9999 -9999 -9999 -9999 -9999 -9999 -9999 -9999 -9999 -9999 -9999 -9999 -9999 -9999 -9999 -9999 -9999 -9999 -9999 -9999 -9999
0.1790452 0.2747494 0.9520534 0.7571846 0.7432716 0.8554539 0.702774 0.2918338 0.2873792 0.6939743 0.1430434 0.4280667 0.02564416 0.4603936 0.7840815 0.6051694 0.1679025 0.9892389 0.7411886 0.1931073 0.7352239 0.5629284 0.5044969 0.8794883 0.6138663 0.1678751 0.7292543 0.1854316 0.6600129 0.2857465 -9999 -9999 -9999 -9999 -9999 -9999 -9999 -9999 -9999 -9999 -9999 -9999 -9999 -9999 -9999 -9999 -9999 -9999 -9999 -9999 -9999 -9999 -9999 -9999 -9999 -9999 -9999 -9999 -9999 -9999 -9999 -9999 -9999 -9999 -9999 -9999 -9999 -9999 -9999 -9999 -9999 -9999 -9999
0.9815527 0.8393466 0.2582913 0.8208254 0.9756407 0.7819356 0.9536201 0.7031157 0.4339725 0.7274751 0.8754291 0.8564196 0.05421168 0.1348397 0.3706505 0.2716628 0.2042027 0.2548507 0.006813107 0.9144568 0.8284655 0.8131368 0.3789267 0.5505382 0.7960959 0.8062773 0.2640232 0.4657395 0.7525722 -9999 -9999 -9999 -9999 -9999 -9999 -9999 -9999 -9999 -9999 -9999 -9999 -9999 -9999 -9999 -9999 -9999 -9999 -9999 -9999 -9999 -9999 -9999 -9999 -9999 -9999 -9999 -9999 -9999 -9999 -9999 -9999 -9999 -9999 -9999 -9999 -9999 -9999 -9999 -9999 -9999 -9999 -9999 -9999
0.6975941 0.194692 0.3419917 0.8926093 0.9873567 0.2967105 0.3247054 0.3561308 0.08195478 0.2350336 0.698002 0.5959123 0.339395 0.3189887 0.6702374 0.1679621 0.7430043 0.2287676 0.8662255 0.1706621 0.5745255 0.7578589 0.1272875 0.8250904 0.544245 0.3718853 0.2995813 0.7779992 0.6906502 -9999 -9999 -9999 -9999 -9999 -9999 -9999 -9999 -9999 -9999 -9999 -9999 -9999 -9999 -9999 -9999 -9999 -9999 -9999 -9999 -9999 -9999 -9999 -9999 -9999 -9999 -9999 -9999 -9999 -9999 -9999 -9999 -9999 -9999 -9999 -9999 -9999 -9999 -9999 -9999 -9999 -9999 -9999 -9999
0.7528288 0.3512053 0.891476 0.8869848 0.1383587 0.6200966 0.897785 0.695487 0.09139013 0.7048842 0.9235557 0.9104391 0.6918116 0.840253 0.2266931 0.7133114 0.5806837 0.9833764 0.2772757 0.6546684 0.02884351 0.1666995 0.5859246 0.8214061 0.5406635 0.1827531 0.7235787 -9999 -9999 -9999 -9999 -9999 -9999 -9999 -9999 -9999 -9999 -9999 -9999 -9999 -9999 -9999 -9999 -9999 -9999 -9999 -9999 -9999 -9999 -9999 -9999 -9999 -9999 -9999 -9999 -9999 -9999 -9999 -9999 -9999 -9999 -9999 -9999 -9999 -9999 -9999 -9999 -9999 -9999 -9999 -9999 -9999 -9999
0.5288391 0.7479048 0.6625574 0.1495643 0.9900045 0.7396419 0.1582466 0.8432182 0.7721412 0.9439058 0.72778 0.7439464 0.681002 0.2907742 0.2295914 0.9888957 0.8135536 0.7260869 0.04489591 0.4093202 0.4166194 0.1784871 0.3601606 0.6948876 0.6713029 0.4366186 -9999 -9999 -9999 -9999 -9999 -9999 -9999 -9999 -9999 -9999 -9999 -9999 -9999 -9999 -9999 -9999 -9999 -9999 -9999 -9999 -9999 -9999 -9999 -9999 -9999 -9999 -9999 -9999 -9999 -9999 -9999 -9999 -9999 -9999 -9999 -9999 -9999 -9999 -9999 -9999 -9999 -9999 -9999 -9999 -9999 -9999 -9999
0.4204834 0.1449026 0.441185 0.126882 0.4531107 0.3495905 0.7474462 0.3664475 0.04526445 0.7286719 0.3527268 0.5264893 0.2924199 0.54783 0.08514502 0.8050101 0.7353801 0.4806611 0.7587965 0.9262121 0.2316135 0.4595049 0.2892324 0.6026552 0.7054986 -9999 -9999 -9999 -9999 -9999 -9999 -9999 -9999 -9999 -9999 -9999 -9999 -9999 -9999 -9999 -9999 -9999 -9999 -9999 -9999 -9999 -9999 -9999 -9999 -9999 -9999 -9999 -9999 -9999 -9999 -9999 -9999 -9999 -9999 -9999 -9999 -9999 -9999 -9999 -9999 -9999 -9999 -9999 -9999 -9999 -9999 -9999 -9999
0.9589205 0.4489394 0.4215584 0.4372457 0.4125063 0.5287005 0.9643313 0.2930811 0.6394669 0.4750159 0.02741266 0.5598801 0.8765168 0.1029348 0.1381737 0.8554034 0.3457982 0.4750803 0.9267233 0.7692285 0.5021955 0.2339244 0.2189253 0.3766664 -9999 -9999 -9999 -9999 -9999 -9999 -9999 -9999 -9999 -9999 -9999 -9999 -9999 -9999 -9999 -9999 -9999 -9999 -9999 -9999 -9999 -9999 -9999 -9999 -9999 -9999 -9999 -9999 -9999 -9999 -9999 -9999 -9999 -9999 -9999 -9999 -9999 -9999 -9999 -9999 -9999 -9999 -9999 -9999 -9999 -9999 -9999 -9999 -9999
