data/testdata2.asc
ncols         279
nrows         271
xllcorner     166
yllcorner     -47.6
cellsize      0.05
NODATA_value  -9999
[rows 96 to 127 of 271, columns 146 to 218 of 279]
-9999 -9999 -9999 -9999 -9999 -9999 -9999 -9999 -9999 -9999 -9999 -9999 -9999 -9999 -9999 -9999 -9999 -9999 -9999 -9999 -9999 -9999 -9999 -9999 -9999 -0.5162617 0.4883325 -1.536265 -0.3489911 0.01991867 -0.3725443 0.5540068 0.1354084 -1.814141 1.652175 -0.65135 -0.5122758 0.9134063 -1.155105 -0.764038 0.01292588 0.4313595 -0.2912441 -0.9044253 -1.534271 -0.02539342 0.006702892 0.6192808 -1.786248 -0.176651 0.9305663 -0.2665643 0.04209228 0.5233428 -0.1353848 -0.05026079 -1.321881 -1.680662 -0.4673977 0.3100303 -0.09700403 1.238036 -1.509565 -1.112996 -0.5284106 0.2650952 0.3860181 -1.469551 0.7359806 -0.2446852 0.3024658 -0.2576217 0.2745403
-9999 -9999 -9999 -9999 -9999 -9999 -9999 -9999 -9999 -9999 -9999 -9999 -9999 -9999 -9999 -9999 -9999 -9999 -9999 -9999 -9999 -9999 -9999 -9999 0.6242493 0.3792977 -0.2617832 -0.3696488 0.6625906 0.02745752 0.2957589 -0.7721359 -0.9183925 0.4901724 1.345795 -1.679632 1.501821 1.448697 0.9465647 -1.172984 -0.001412216 0.645696 -0.9809982 0.9207308 1.262579 -0.8619099 0.728804 0.410805 0.8281075 0.04835672 0.370243 -1.730045 -1.978651 -0.02308364 -1.269034 -1.319845 -0.7373994 1.795972 0.08394875 -0.3369687 0.9069737 -0.296247 -2.618077 0.1293202 0.6925749 0.9235439 0.9304184 -1.024383 -0.3062568 0.03127152 1.057461 0.6914464 0.1454921
-9999 -9999 -9999 -9999 -9999 -9999 -9999 -9999 -9999 -9999 -9999 -9999 -9999 -9999 -9999 -9999 -9999 -9999 -9999 -9999 -9999 -9999 -0.7218277 0.4431271 -0.244287 -2.762954 0.2025078 -0.566541 0.4928288 -0.813665 0.4877715 -0.3865385 0.2337444 0.9772444 1.312549 0.106439 1.006375 -1.285981 -0.1697048 -0.5269529 -0.6504194 2.274631 -0.3914839 2.708966 2.461779 0.6932973 0.6556771 -0.2284762 1.796247 0.8067724 0.9330251 2.28038 -1.213464 0.5035061 2.195105 -0.2474827 -1.480399 1.326582 -0.2165368 -0.7472176 0.3563267 -0.21346 -0.02927637 0.1069583 0.1142628 0.3421501 -0.8032565 0.7014052 1.341444 -0.9417993 0.04062409 0.05400705 -0.8056488
-9999 -9999 -9999 -9999 -9999 -9999 -9999 -9999 -9999 -9999 -9999 -9999 -9999 -9999 -9999 -9999 -9999 1.30507 0.5183436 1.064422 -0.2054459 0.1299322 0.1220178 -0.5218503 1.508564 0.03353633 -1.20167 0.367739 2.135038 1.55735 -0.8331369 0.3531471 1.666196 1.145885 1.78387 -1.140011 0.2837863 1.987743 -0.5932846 -0.1520433 -2.041901 0.6864386 -0.6655543 -0.5315995 0.929292 -1.126584 -1.998082 -0.4091944 -0.2884759 -0.8945374 0.2850315 1.307707 -1.308727 -0.2606277 1.372762 -0.7873826 0.2111277 0.4219903 1.174547 -0.4014905 1.639282 0.2999196 -0.04437191 1.940629 0.8191323 0.05699494 -0.2491173 -0.72346 0.1896963 1.134156 -1.052054 1.506578 1.740427
-9999 -9999 -9999 -9999 -9999 -9999 -9999 -9999 -9999 -9999 -9999 -9999 -9999 -9999 -0.04655385 -1.300555 0.5071476 -0.4430264 1.224875 1.323642 -1.606878 -0.249478 1.056485 0.1379937 -1.789516 -0.2655311 1.16435 0.2412531 -0.4194215 -1.699447 1.050238 -0.8884967 1.193958 -0.6878266 0.1706217 0.8030287 -0.6136351 0.3847112 0.2982551 0.1149397 0.08561365 -0.6624698 -0.1588616 3.22495 1.740459 -2.553275 1.810521 -0.8884601 -0.9334362 -0.1073178 0.6045111 1.208961 0.6797351 -0.2360124 -0.139152 0.60639 1.301883 -0.234357 -1.954833 -0.2970522 -1.158976 1.073813 0.2705871 -1.355289 -0.1760207 -0.8757161 0.3002258 1.649767 -1.032769 2.194388 1.038912 1.081842 -0.3867584
-9999 -9999 -9999 -9999 -9999 -9999 -9999 -9999 -9999 -9999 -9999 -9999 -0.7951143 -1.01981 -0.5217971 -0.5825729 0.4288428 -0.870025 0.002412563 0.07861407 -0.03248525 0.1271503 -0.0684045 -0.8847598 1.933671 2.372719 -0.8433334 -1.04599 0.5219035 -0.008316431 -0.6943431 0.8704793 -0.04573763 -0.04702061 -0.4928212 0.9613708 1.35601 -0.7840385 -0.2910878 0.4087465 -0.6459473 -0.6307446 -1.078924 0.6723597 1.494465 1.84198 1.426154 0.291536 0.2135341 0.3633989 1.478567 -0.3437972 1.292758 0.5285165 -0.2449855 0.4144203 -1.611447 -0.9263966 0.520363 -0.2988656 1.163199 -1.723301 -1.74979 -1.462852 0.8887973 -1.255978 -0.444295 0.844763 0.7603608 0.901346 -1.102145 -1.181647 0.605248
-9999 -9999 -9999 -9999 -9999 -9999 -9999 -9999 -9999 -9999 1.393026 0.6253929 -0.704351 0.4511711 -0.102863 -0.5240121 -0.4070495 0.2421882 -0.4052342 -1.418271 -0.1026498 -1.061267 0.3526973 -2.20852 1.199785 -0.6084759 -2.178406 -0.2540238 -0.01147864 -0.2285268 -1.56309 0.7345294 -1.251122 0.4120267 -0.03926691 0.4960634 1.338981 -1.078805 -0.6205319 0.7388632 -2.065606 -0.1976403 -0.7243837 -1.25225 -2.055217 -0.275213 0.9929942 0.4887122 -0.2552765 0.3462921 0.8418225 -1.559659 -0.528112 -1.077093 -1.335068 -2.412292 1.56704 1.084786 -1.09857 1.230273 -0.6293106 -2.245192 -1.731552 1.62859 0.1594702 -2.101236 -0.3534451 0.8653404 -0.9613042 -0.5897147 0.133301 -0.244653 2.171797
-9999 -9999 -9999 -9999 -9999 -9999 -9999 -9999 -9999 -9999 -2.762721 0.02721224 1.082971 1.946982 0.08012867 0.1431106 -0.7900319 0.04422328 0.05444419 -0.4022846 -1.050523 -0.6141936 -0.8356364 1.238816 1.124246 -1.313208 1.119461 -0.3318916 -0.2048323 -0.8770921 0.9531047 0.5721809 -0.3142524 0.5833141 1.730189 -1.188937 -0.09197815 -0.7389721 0.4790409 0.009294148 -1.230103 0.7276497 -0.9055592 0.2704525 1.027952 -0.929893 0.7029765 -0.2412599 0.4942693 1.981225 -0.2077574 0.07598424 0.9972594 -0.8863193 0.4098445 -0.6460082 -0.06310136 0.6698955 -0.05848162 -0.2929832 0.3041221 0.5488678 -0.3326614 0.936289 1.419453 -0.1725376 0.8561196 -0.01829161 -0.8914123 0.4456194 0.5219165 -1.568109 -0.4154119
-9999 -9999 -9999 -9999 -9999 -9999 -9999 -9999 -9999 -0.780709 -1.444698 0.03477135 0.5818828 0.5347353 -0.03861938 1.081125 -0.00177984 1.316348 0.1297601 1.409441 -1.709659 -1.07819 0.6921998 -1.668771 -1.300992 2.014454 1.061944 1.328395 1.408445 -0.2885391 -0.3326758 -0.5236557 -0.2294178 -0.2814067 -0.8758373 0.6162181 0.1056429 1.322368 -0.9723915 1.361583 -0.6259881 -0.2574532 0.845087 -0.2530871 -1.296554 0.0474378 1.183154 0.5682532 -0.06036383 -0.5955474 -1.013903 0.3216767 0.2506008 -0.3679805 1.101203 -0.0190927 -0.3590115 2.067691 2.198093 -0.3367839 1.621529 0.5939828 -0.9098861 1.106769 0.9058975 -1.709149 -1.387331 0.03160461 1.253524 -0.4126098 -0.1993061 0.7739316 -0.1892813
-9999 -9999 -9999 -9999 -9999 -9999 -9999 -9999 -9999 0.3526743 0.9132826 -0.1841375 1.290696 -0.4243065 -0.4670275 -0.6067718 1.472654 -0.4684524 1.82438 -0.5082305 0.2983219 1.167686 0.3399696 0.02127797 0.5654015 0.6414036 -0.4780188 -1.706363 -0.2906495 0.06505089 -1.096491 1.951675 0.9098502 0.15787 0.8955173 -0.5753015 -2.3079 0.5486909 0.007679388 -0.9988176 0.5510744 -0.23121 -2.233026 -0.3407201 -1.339292 0.6983997 -1.850421 -0.09207827 -0.04726898 0.7807463 -0.3031503 0.8977373 0.7911112 1.468909 2.477875 0.9855018 0.3352573 3.103142 -1.838695 -0.2538738 0.5005735 1.416617 -0.797094 0.9174439 -0.3867502 -0.9820645 -0.388446 -0.08637479 1.435184 -1.256337 0.7437515 0.1668275 -0.02960241
-9999 -9999 -9999 -9999 -9999 -9999 -9999 -9999 -9999 -9999 -0.2545839 1.076254 1.22633 -0.7988911 -0.3316399 1.044927 0.3301509 0.4036897 1.221241 -0.797815 1.13077 -0.2014856 -2.373314 -0.5977113 -1.353542 0.147899 -0.1086275 -1.98842 -1.0502 -0.2255944 1.141073 -0.6052704 2.541466 0.5003711 0.4344397 1.168766 -0.1515219 1.455666 0.8785109 0.01771097 -0.9620569 -0.1261342 -0.05273005 1.710385 1.068214 0.9283741 -0.740863 -0.4661998 0.5049429 0.339264 -1.360913 -0.2153027 0.004452152 -1.717157 1.951057 2.349148 0.5276772 0.607227 0.740831 -0.07390842 0.4120568 -1.49094 0.3615942 -0.2217914 0.653249 -0.7844263 -1.769852 -0.2027697 0.06088731 -0.8609045 0.6784269 -0.779941 -9999
-9999 -9999 -9999 -9999 -9999 -9999 -9999 -9999 -9999 -9999 1.2777 1.571306 0.3724156 -0.9072348 0.4423651 1.101752 0.05987634 -0.5383236 -0.7282768 3.070507 -1.855526 0.8032995 0.1199712 -1.392564 0.3767804 1.339548 -0.2476627 -2.070783 -0.2963991 -0.1832671 0.3806446 -1.178056 -0.797963 -1.22976 -0.8077596 -1.501408 0.6949096 -0.8277267 0.2043728 -0.465618 -0.5509857 -1.762366 -1.778782 0.9132572 -1.100895 0.08935455 1.097458 -0.0103974 0.278532 0.8228844 0.579797 2.701417 -0.6883158 0.701558 -1.929084 0.6740362 2.714579 0.2309276 0.05336535 1.016202 -1.763745 0.5025488 0.6832376 0.09736954 -1.200478 -0.3779358 1.038119 -0.2670476 0.7244845 -0.1223126 0.5333434 0.5510191 -9999
-9999 -9999 -9999 -9999 -9999 -9999 -9999 -9999 -9999 -9999 -9999 -0.04811739 -0.9000358 -1.06518 0.6631196 -0.8295484 -0.6293967 -0.4894767 -0.9172204 -0.4139393 -0.7113711 -0.5976815 -1.762301 -0.2920223 1.963154 -1.20571 0.3045692 0.7276067 -0.3597795 -0.08502413 -1.759844 0.324894 0.06823914 0.112793 0.0715904 -0.2252898 -0.5206646 0.685367 -0.7631444 0.261524 0.3771513 -0.7080157 -0.7013382 0.4055498 -0.6485012 0.1075813 1.204208 -0.02077984 0.203806 -1.732599 0.07909896 0.503229 -0.2950507 0.7417247 -0.688026 0.4442191 0.8734296 1.058233 0.3484355 -0.1946888 -0.5534045 -0.167917 -1.311098 0.6358015 0.9233931 0.2203503 0.3887748 -1.677321 1.043909 1.730441 -0.232577 -1.230915 -9999
-9999 -9999 -9999 -9999 -9999 -9999 -9999 -9999 -9999 -9999 -9999 -9999 -9999 -1.179662 -0.6429014 -0.2182226 -1.814506 0.07701618 0.2601833 1.250601 0.7596467 0.04311267 1.600436 0.9618374 0.1814381 -0.4530136 1.158533 -1.266006 -0.2218303 -1.776482 1.009013 0.6546636 -0.02647792 1.114894 0.6524894 0.3498758 -0.6881279 0.6102681 -0.6851751 -1.185756 0.9531077 0.6912468 0.407221 -0.6979886 -1.190794 -1.103381 0.7439251 -1.093231 -1.822896 0.8717325 -0.2532282 1.527589 -0.8742591 -0.4449219 -0.834447 1.191797 1.219929 -2.045189 -1.065988 0.2285079 0.9806062 -0.8157874 -1.019599 0.6243949 -0.2504982 1.112025 -0.241296 -0.2793737 1.072786 1.870486 -1.175816 0.7642664 -9999
-9999 -9999 -9999 -9999 -9999 -9999 -9999 -9999 -9999 -9999 -9999 -9999 -9999 -9999 -9999 -0.7039891 -0.2134367 0.2966219 -0.02496132 0.2877911 0.08487227 1.047182 0.3150256 0.9131022 0.6692582 1.59088 -1.422498 -2.655362 0.664906 -0.2563303 -1.076598 -0.6156917 2.148897 1.341323 -0.8628796 0.264274 1.248238 -1.565315 2.233334 0.818189 -0.5502872 0.0422528 -0.4323734 0.7364482 -1.330751 1.440216 -0.7028607 2.358208 0.6959728 0.6299542 -1.226546 -0.6627984 0.3665601 -1.155668 -1.299019 1.347876 -1.553847 0.2703784 -1.18545 1.114845 0.03756129 1.092227 -1.88489 -0.1825148 1.511441 0.2259848 1.840863 0.145118 0.7651946 1.251221 -0.3081451 -0.3915018 0.3068099
-9999 -9999 -9999 -9999 -9999 -9999 -9999 -9999 -9999 -9999 -9999 -9999 -9999 -9999 -9999 -9999 -9999 -9999 -9999 -9999 0.7506332 0.9702947 0.1339701 0.7329374 -0.3654031 0.5802415 0.0346857 -0.3841955 -1.445859 -0.3900399 0.9645567 -1.464164 0.7077116 -0.3290515 -0.4666675 -0.8481217 1.697432 -0.185871 -1.337163 -0.3709227 -0.442601 -0.2200142 -0.8159021 -0.8475754 0.07470068 -1.049463 -1.087669 0.5288202 -1.284986 0.3252035 -0.4243951 0.6521785 1.035717 0.4738077 -1.151726 0.9254215 -0.5766323 0.3100577 0.5063223 -0.5396028 -1.367862 -1.440419 -1.2585 -0.869455 -0.9639667 -0.9908321 -0.4074687 0.6309018 1.713171 -0.1006373 -1.120229 0.6001938 1.297774
-9999 -9999 -9999 -9999 -9999 -9999 -9999 -9999 -9999 -9999 -9999 -9999 -9999 -9999 -9999 -9999 -9999 -9999 -9999 -9999 -9999 -0.1542594 -0.5222299 1.579861 -0.47806 -0.8772086 1.636412 -1.561008 -1.036194 -1.187946 -0.4902596 -0.2969095 -0.07303698 0.4418584 -0.6906888 -0.1468097 0.1286731 -0.6211972 -0.1371775 0.4429588 0.9084463 1.308862 -0.232388 0.5206627 0.01026682 -1.043173 -0.242966 1.119365 0.3853437 0.2509846 -0.01194417 -1.130935 -1.171171 -0.3597921 0.7153536 0.5129101 -0.5574338 -0.886333 0.9544594 0.9551144 -0.004785112 -0.3088959 -0.8418674 1.399016 -1.867635 0.2069149 0.1045207 0.9886336 0.6319268 0.877988 -0.2972783 -1.324498 -0.07683213
-9999 -9999 -9999 -9999 -9999 -9999 -9999 -9999 -9999 -9999 -9999 -9999 -9999 -9999 -9999 -9999 -9999 -9999 -9999 -9999 -9999 -9999 1.357205 -0.5978996 0.3147855 0.9757234 -0.8259115 -0.2291957 0.6972585 -0.03292814 -1.268847 -0.531979 -0.936894 0.9536644 0.4272822 -1.773795 -0.4930271 0.2143166 -2.360329 -0.7701194 -0.4730237 1.029097 -0.6910637 0.2231928 0.2241805 -0.1023216 -0.4899342 -0.03608643 0.1108915 1.693432 -0.6670764 -2.112512 -0.7870536 0.02424186 0.240217 -0.7977417 -0.8973459 -0.3154556 0.8574132 -0.0568195 1.148217 -1.188612 0.2840444 -0.05481809 -0.2637601 -0.06889401 0.8385028 -2.14031 -0.2840346 0.4893748 -0.09982711 -0.6600966 1.677427
-9999 -9999 -9999 -9999 -9999 -9999 -9999 -9999 -9999 -9999 -9999 -9999 -9999 -9999 -9999 -9999 -9999 -9999 -9999 -9999 -9999 -9999 -9999 -9999 -0.9618148 -0.7822604 -0.8051356 0.2366468 -0.7366179 0.4381563 -0.120191 -0.8875057 0.6888372 0.1640146 0.5159185 -1.362708 0.2037408 0.8436508 -1.12171 -1.129451 -0.8486047 -1.384937 -1.057836 -1.830484 -1.202605 -0.003495588 0.12349 0.2034194 1.38856 -1.09843 0.1897982 -1.232318 0.4191818 0.8576628 -1.022643 0.4635065 -1.052183 -0.8539882 2.170084 0.6192135 1.162255 -0.4937662 -0.07826059 -0.9814105 0.7979037 -0.04320791 -0.4061309 0.6975206 -0.7957523 0.1385196 -0.02466306 -0.7666314 0.1114301
-9999 -9999 -9999 -9999 -9999 -9999 -9999 -9999 -9999 -9999 -9999 -9999 -9999 -9999 -9999 -9999 -9999 -9999 -9999 -9999 -9999 -9999 -9999 -9999 -9999 -9999 0.1888083 -0.6005713 -0.4767783 -0.0133533 1.071693 -0.1370609 -2.509625 0.1209043 0.151953 0.1262848 -1.371848 -0.1443161 0.45753 -1.194825 0.2831408 -0.04333222 0.5011398 0.8110878 0.7132387 1.224894 1.181749 -0.8393009 -0.9391722 -0.757804 0.4217133 -0.6427394 1.402564 -1.011073 -1.558585 0.4707824 -0.3788226 -0.8100309 -0.3223391 -1.124258 -0.1953774 -0.2359587 1.885877 -1.428762 -0.3152306 -0.2499236 -0.7883731 -0.8628585 0.5614538 0.09373146 0.3318219 1.241323 -0.7298867
-9999 -9999 -9999 -9999 -9999 -9999 -9999 -9999 -9999 -9999 -9999 -9999 -9999 -9999 -9999 -9999 -9999 -9999 -9999 -9999 -9999 -9999 -9999 -9999 -9999 -9999 -9999 -9999 -9999 -9999 -9999 -1.803669 0.3718162 2.840995 -0.9158211 -0.1859281 -0.9454449 0.5939448 1.400434 0.4084426 0.8280565 1.913714 0.3442579 0.9033744 2.23744 0.484309 -0.09859122 0.005301589 0.03621131 -0.6540836 2.19688 0.03242498 0.7407014 0.2382934 2.562681 -0.7713722 -2.302047 0.4137584 -0.1094119 1.811341 -0.5370737 -0.2088472 0.8704585 0.7406901 -0.9136272 -2.750324 0.7052453 -1.251106 -0.5879639 0.005286242 0.1702208 0.3047624 -0.5268715
-9999 -9999 -9999 -9999 -9999 -9999 -9999 -9999 -9999 -9999 -9999 -9999 -9999 -9999 -9999 -9999 -9999 -9999 -9999 -9999 -9999 -9999 -9999 -9999 -9999 -9999 -9999 -9999 -9999 -9999 -9999 -9999 -9999 -0.6554957 0.01711987 -0.2564392 -2.198221 1.785525 1.671336 0.2915354 0.7076398 -0.7156499 1.271583 -1.793586 0.7055632 -0.06472228 1.469737 0.4239009 1.037629 -0.6801926 1.397408 0.9527799 -0.5140085 -0.9638212 0.7689472 -1.004804 0.4573111 -1.004173 0.2754673 -0.6797311 1.064141 -2.032626 -0.5092323 0.3138813 -0.7000207 -0.6810288 -0.1168143 -0.6059281 -1.620584 -0.1733712 -0.1483195 0.3716882 0.476512
-9999 -9999 -9999 -9999 -9999 -9999 -9999 -9999 -9999 -9999 -9999 -9999 -9999 -9999 -9999 -9999 -9999 -9999 -9999 -9999 -9999 -9999 -9999 -9999 -9999 -9999 -9999 -9999 -9999 -9999 -9999 -9999 -9999 -9999 -9999 0.3623641 0.8299998 -0.7434879 -0.7280921 -0.6169658 -0.307578 -1.305845 -0.9001938 -1.15358 1.061009 0.5527394 -1.07778 1.2713 0.4822596 -0.4575043 1.783928 1.031869 -0.09814923 -1.57108 -0.6700926 -1.159768 1.442018 1.654377 -0.4461732 -0.5030287 -0.05698811 -0.128758 -0.3171777 -0.4941015 -0.03974755 -1.986224 1.399853 0.8582579 -2.154887 -0.7452047 0.3982865 1.178656 -9999
-9999 -9999 -9999 -9999 -9999 -9999 -9999 -9999 -9999 -9999 -9999 -9999 -9999 -9999 -9999 -9999 -9999 -9999 -9999 -9999 -9999 -9999 -9999 -9999 -9999 -9999 -9999 -9999 -9999 -9999 -9999 -9999 -9999 -9999 -9999 -9999 -0.2331541 0.829182 0.8521165 0.486416 0.6616567 -0.1831515 0.2038578 -0.1534823 0.1304119 1.532532 -1.515384 0.2912441 0.2624899 1.211639 0.619835 -0.4007864 0.5649351 0.4923941 1.281931 0.2164195 -1.221856 0.3890797 -1.628429 1.150858 0.9217032 -0.3401388 -0.1097827 0.6224911 -0.8791496 -2.509248 -0.4807591 -0.3642476 1.357717 1.755179 0.2200176 -1.413126 -9999
-9999 -9999 -9999 -9999 -9999 -9999 -9999 -9999 -9999 -9999 -9999 -9999 -9999 -9999 -9999 -9999 -9999 -9999 -9999 -9999 -9999 -9999 -9999 -9999 -9999 -9999 -9999 -9999 -9999 -9999 -9999 -9999 -9999 -9999 -9999 -9999 -9999 -1.99713 -0.1962744 -1.558524 -0.2869246 0.03541357 1.240393 -0.7951421 -0.7050585 0.3976779 -0.4686202 -1.608534 -0.05431927 -0.106691 -1.034982 -1.248243 -0.1595053 0.6626485 0.1287937 -0.3233866 -0.5433799 -0.9541285 -1.553464 -0.4702177 0.887461 -0.9447236 -0.5509933 0.1363832 -1.061369 0.2245781 2.454924 1.15378 -0.2447955 -1.054065 1.088553 2.148363 -9999
-9999 -9999 -9999 -9999 -9999 -9999 -9999 -9999 -9999 -9999 -9999 -9999 -9999 -9999 -9999 -9999 -9999 -9999 -9999 -9999 -9999 -9999 -9999 -9999 -9999 -9999 -9999 -9999 -9999 -9999 -9999 -9999 -9999 -9999 -9999 -9999 -9999 -0.9290143 0.7898456 0.3187838 -0.05435331 -2.32058 -0.5544831 0.2259757 0.2324257 0.7228798 0.02287092 -0.6077476 -0.8698667 -2.129268 -0.2856314 0.8285549 0.2483199 1.16959 0.06758393 -0.5735672 1.329322 -0.5538752 -0.02056299 -0.6669849 -0.08753534 0.7480386 0.7544654 0.345108 -0.5677849 0.01160054 -0.4376581 -0.4331534 1.302738 1.067512 1.698407 -9999 -9999
-9999 -9999 -9999 -9999 -9999 -9999 -9999 -9999 -9999 -9999 -9999 -9999 -9999 -9999 -9999 -9999 -9999 -9999 -9999 -9999 -9999 -9999 -9999 -9999 -9999 -9999 -9999 -9999 -9999 -9999 -9999 -9999 -9999 -9999 -9999 -9999 -9999 -9999 -0.7989849 -0.2870624 0.3357417 -1.630278 0.5618008 -0.5354748 -1.596379 -0.9863599 -0.9956384 0.715925 0.3572719 -0.2087977 0.4310253 0.7369078 -0.9536347 0.8280765 -1.101948 1.072947 -0.02154171 -0.3803519 -0.8811072 -1.032086 0.6147045 0.07634989 -0.8606063 1.067843 -0.5706573 0.588544 0.7239597 0.1009257 -0.1887954 -0.5605636 0.2829883 -9999 -9999
-9999 -9999 -9999 -9999 -9999 -9999 -9999 -9999 -9999 -9999 -9999 -9999 -9999 -9999 -9999 -9999 -9999 -9999 -9999 -9999 -9999 -9999 -9999 -9999 -9999 -9999 -9999 -9999 -9999 -9999 -9999 -9999 -9999 -9999 -9999 -9999 -9999 -9999 0.1965818 0.09291106 -0.4977104 1.715865 1.450951 1.864911 -1.602748 1.442805 1.967672 0.1571652 0.2530603 -1.158517 0.5604311 -2.065629 -1.322266 1.027608 1.047083 -2.655569 -1.513588 -0.355242 0.7015131 -0.1274767 0.7415014 -0.4187139 -0.1828069 0.3424343 0.4759683 0.1427212 0.2817405 -0.4441994 -0.3243642 -9999 -9999 -9999 -9999
-9999 -9999 -9999 -9999 -9999 -9999 -9999 -9999 -9999 -9999 -9999 -9999 -9999 -9999 -9999 -9999 -9999 -9999 -9999 -9999 -9999 -9999 -9999 -9999 -9999 -9999 -9999 -9999 -9999 -9999 -9999 -9999 -9999 -9999 -9999 -9999 -9999 -9999 -0.07460652 -1.560821 -0.416861 0.6525995 2.650972 1.376782 -0.125781 -0.5210699 0.3486386 1.606575 0.5155377 2.462072 0.008622575 0.446483 -1.05732 0.3845564 -0.4304022 -0.3935587 -1.165495 0.2725977 0.6218392 0.6982748 2.008563 -0.5919327 -0.6018655 -0.826627 0.05687734 -1.058578 -1.186253 -1.554077 -9999 -9999 -9999 -9999 -9999
-9999 -9999 -9999 -9999 -9999 -9999 -9999 -9999 -9999 -9999 -9999 -9999 -9999 -9999 -9999 -9999 -9999 -9999 -9999 -9999 -9999 -9999 -9999 -9999 -9999 -9999 -9999 -9999 -9999 -9999 -9999 -9999 -9999 -9999 -9999 -9999 -9999 -9999 -0.8135428 -0.4276599 0.1190356 0.2928225 -0.1201601 1.001818 -1.70569 0.8511882 -0.1694874 -0.01287726 -1.53289 -0.5001682 -1.298759 -0.6168607 -1.376764 2.02952 -0.152153 -1.278372 1.705046 -0.9166889 -0.4733746 -0.7885448 0.2348796 -0.2789196 -1.077809 0.09614194 1.788539 -0.9487448 0.4695399 -9999 -9999 -9999 -9999 -9999 -9999
-9999 -9999 -9999 -9999 -9999 -9999 -9999 -9999 -9999 -9999 -9999 -9999 -9999 -9999 -9999 -9999 -9999 -9999 -9999 -9999 -9999 -9999 -9999 -9999 -9999 -9999 -9999 -9999 -9999 -9999 -9999 -9999 -9999 -9999 -9999 -9999 -9999 -9999 -9999 0.4119408 -1.441423 -0.4714398 0.7023571 0.05679578 0.3295561 1.835195 0.4084305 0.8569411 2.875833 0.3830316 -0.5564345 0.0956895 0.3108683 0.7191682 0.4322866 -1.702555 1.965619 -0.3597924 1.625113 0.1369882 0.6822317 -0.396102 1.143954 0.2870428 0.7845335 0.2241184 -2.135988 -9999 -9999 -9999 -9999 -9999 -9999
-9999 -9999 -9999 -9999 -9999 -9999 -9999 -9999 -9999 -9999 -9999 -9999 -9999 -9999 -9999 -9999 -9999 -9999 -9999 -9999 -9999 -9999 -9999 -9999 -9999 -9999 -9999 -9999 -9999 -9999 -9999 -9999 -9999 -9999 -9999 -9999 -9999 -9999 -2.068911 0.1374013 -0.1640906 1.353767 -1.643127 0.0360053 -0.08041169 0.4910245 0.5383773 0.7346974 -0.1354066 1.238439 1.286306 -1.683938 -0.3695723 1.437719 -0.2538721 0.4964691 0.8995899 1.558736 0.2212178 0.1184587 -0.01664808 -1.650107 1.455054 -0.8064486 -0.511095 -2.597038 -9999 -9999 -9999 -9999 -9999 -9999 -9999
