data/testdata0.asc
ncols         279
nrows         271
xllcorner     166
yllcorner     -47.6
cellsize      0.05
NODATA_value  -9999
[rows 96 to 127 of 271, columns 146 to 218 of 279]
-9999 -9999 -9999 -9999 -9999 -9999 -9999 -9999 -9999 -9999 -9999 -9999 -9999 -9999 -9999 -9999 -9999 -9999 -9999 -9999 -9999 -9999 -9999 -9999 -9999 0.9910443 0.6258991 0.1582695 0.1104995 0.304724 0.7273182 0.2437352 0.09895499 0.4650764 0.6699747 0.04247591 0.668341 0.1134522 0.9192054 0.3596989 0.9373223 0.7013979 0.30639 0.8602458 0.4669006 0.7936347 0.92861 0.5063367 0.8495261 0.656193 0.1303371 0.936721 0.9114898 0.6922033 0.8796548 0.8497331 0.3410978 0.2878435 0.8515097 0.4527563 0.5551255 0.6309427 0.5304955 0.04059141 0.616055 0.06474067 0.6456664 0.7652321 0.01259182 0.539304 0.2498837 0.6595467 0.1159642
-9999 -9999 -9999 -9999 -9999 -9999 -9999 -9999 -9999 -9999 -9999 -9999 -9999 -9999 -9999 -9999 -9999 -9999 -9999 -9999 -9999 -9999 -9999 -9999 0.8153904 0.5020732 0.6074376 0.9018131 0.4439901 0.4019467 0.3095894 0.6648523 0.9210014 0.7586367 0.1349087 0.04477688 0.6657216 0.5875517 0.02220116 0.8826257 0.3254904 0.8779314 0.8313081 0.7170234 0.7954657 0.6233642 0.04452275 0.1135267 0.4923049 0.5280862 0.1281622 0.9510006 0.944253 0.2015611 0.1167961 0.9775274 0.7601367 0.6538416 0.9826317 0.9483457 0.03976453 0.9042118 0.3525543 0.658321 0.288234 0.5156115 0.135325 0.1814479 0.8966441 0.8673407 0.6214339 0.6298833 0.2517144
-9999 -9999 -9999 -9999 -9999 -9999 -9999 -9999 -9999 -9999 -9999 -9999 -9999 -9999 -9999 -9999 -9999 -9999 -9999 -9999 -9999 -9999 0.6982479 0.5128763 0.833859 0.0792135 0.0176008 0.3440171 0.3970295 0.6691964 0.781793 0.1173228 0.6695777 0.432258 0.740135 0.8841022 0.5288122 0.2738708 0.2292939 0.365967 0.5947941 0.1454215 0.9577171 0.8320301 0.7198383 0.774923 0.5283374 0.448758 0.9975469 0.02663418 0.5120598 0.6649814 0.603874 0.9520848 0.8845283 0.1945608 0.7827206 0.5950076 0.6386752 0.1592088 0.2885624 0.6126758 0.385551 0.9539689 0.5986075 0.7761475 0.7559361 0.3978499 0.2069861 0.4119159 0.4152329 0.732117 0.313471
-9999 -9999 -9999 -9999 -9999 -9999 -9999 -9999 -9999 -9999 -9999 -9999 -9999 -9999 -9999 -9999 -9999 0.09108166 0.3973844 0.3053401 0.6051512 0.4625744 0.3018837 0.7706329 0.01265444 0.5265875 0.7666418 0.1151532 0.6710814 0.8936453 0.7113528 0.4444278 0.951519 0.9453442 0.6885385 0.709397 0.8985317 0.5269802 0.754886 0.5572441 0.3456394 0.4097068 0.2214926 0.9830072 0.3159524 0.8347244 0.3455156 0.5944714 0.2704625 0.452001 0.02572922 0.3028431 0.7664905 0.9660246 0.5644872 0.2517046 0.08878915 0.8010859 0.5585923 0.7967506 0.4158033 0.09859265 0.9815715 0.3488059 0.08358579 0.358916 0.5198576 0.8926242 0.5098699 0.04026673 0.2253772 0.993968 0.3407976
-9999 -9999 -9999 -9999 -9999 -9999 -9999 -9999 -9999 -9999 -9999 -9999 -9999 -9999 0.9228688 0.4364029 0.388361 0.9895071 0.5853081 0.7725507 0.6077833 0.9589084 0.3464958 0.0137345 0.7221963 0.5688179 0.3065955 0.6300176 0.4133141 0.8619078 0.5734153 0.3856678 0.6733519 0.1239075 0.1776911 0.480027 0.03476219 0.2998634 0.3204013 0.8797861 0.6632527 0.508055 0.2646121 0.905167 0.1265846 0.2140671 0.1843548 0.1325105 0.6516535 0.6275181 0.2830337 0.6757702 0.6823498 0.8839453 0.4938661 0.9094128 0.550702 0.5743454 0.07485209 0.6952253 0.07380001 0.184872 0.4107775 0.1755273 0.8890007 0.009189082 0.3347465 0.1952906 0.3399138 0.09598075 0.2817459 0.415664 0.7256698
-9999 -9999 -9999 -9999 -9999 -9999 -9999 -9999 -9999 -9999 -9999 -9999 0.6477995 0.9986039 0.6744021 0.8793682 0.9032448 0.5043107 0.708159 0.5894977 0.3571269 0.5004376 0.5415552 0.1421635 0.1102005 0.8750128 0.9476859 0.6597153 0.9414583 0.06118477 0.3911897 0.4474405 0.2810313 0.9583646 0.8077899 0.8385347 0.6869953 0.7791502 0.2939917 0.2461039 0.8885841 0.634531 0.2694356 0.7346976 0.4583085 0.6698748 0.6744074 0.4238732 0.1754814 0.5641949 0.7650037 0.03629165 0.14365 0.2051988 0.06845509 0.9028445 0.7244334 0.3526188 0.06110355 0.7373124 0.3502664 0.1023231 0.131538 0.4930537 0.2785506 0.9637082 0.3913852 0.6142261 0.3497106 0.3628729 0.8962566 0.9940382 0.8116568
-9999 -9999 -9999 -9999 -9999 -9999 -9999 -9999 -9999 -9999 0.4707636 0.8324941 0.7245318 0.3860408 0.4525179 0.2920273 0.8482761 0.5628226 0.02386025 0.07875438 0.8585258 0.9989142 0.131916 0.02456247 0.5594087 0.5917929 0.8355812 0.292775 0.06128102 0.2037947 0.2305715 0.5834738 0.03585471 0.8459527 0.3627518 0.06147763 0.7408555 0.740741 0.9422482 0.569477 0.1267123 0.326225 0.6708398 0.688825 0.3377781 0.2641186 0.9951335 0.2104849 0.9205816 0.514246 0.09801811 0.5786333 0.05161093 0.5379122 0.9409014 0.8694202 0.09712739 0.6926771 0.1692272 0.8673848 0.8175117 0.8810382 0.6937746 0.8020278 0.528641 0.5155177 0.7602377 0.3070402 0.5327966 0.862657 0.3195872 0.1646875 0.1316036
-9999 -9999 -9999 -9999 -9999 -9999 -9999 -9999 -9999 -9999 0.8192787 0.09480868 0.126549 0.6714006 0.5494284 0.2423783 0.5447694 0.2069042 0.4210186 0.3889578 0.5587746 0.3398945 0.9170519 0.001661609 0.6948792 0.2702208 0.709267 0.3620116 0.6482365 0.0308163 0.1115075 0.8581733 0.511598 0.2975127 0.7244977 0.1404732 0.1017295 0.8433861 0.3345239 0.9526983 0.9459833 0.9501339 0.1285226 0.4516757 0.4915268 0.08898252 0.2880742 0.8276336 0.0997273 0.1836277 0.02480389 0.03784459 0.3881928 0.7677047 0.1196879 0.4660492 0.4829694 0.3492899 0.02876671 0.3201607 0.7433951 0.2949349 0.6177638 0.5807519 0.522109 0.5457302 0.5881115 0.3128223 0.5227176 0.4779013 0.6568823 0.1533473 0.3176174
-9999 -9999 -9999 -9999 -9999 -9999 -9999 -9999 -9999 0.4567544 0.3975562 0.1940624 0.7008306 0.924209 0.8509499 0.16716 0.4140147 0.5257298 0.7478474 0.1245841 0.7712874 0.5219607 0.7284204 0.1629543 0.202135 0.8533706 0.3384351 0.7995596 0.4812128 0.732294 0.4367217 0.7616655 0.637769 0.1451287 0.8096774 0.3422264 0.6033497 0.827189 0.3052987 0.3845049 0.4102857 0.2727157 0.7992467 0.9580973 0.7534592 0.3425421 0.305442 0.7888654 0.7278534 0.03191584 0.5436923 0.5052736 0.554382 0.960978 0.2768503 0.763634 0.1065012 0.1503977 0.7300032 0.3147562 0.0501016 0.6446628 0.4041932 0.0745043 0.4091824 0.5455274 0.59717 0.2607595 0.3698065 0.01811556 0.9436734 0.6592892 0.1348366
-9999 -9999 -9999 -9999 -9999 -9999 -9999 -9999 -9999 0.8400064 0.5087039 0.5994105 0.9293676 0.5928376 0.2725551 0.6020395 0.7413338 0.4343996 0.607551 0.6086713 0.2970773 0.6894574 0.5317513 0.2709221 0.3312488 0.911002 0.4632553 0.8994197 0.371727 0.85608 0.9606807 0.0509623 0.1148629 0.2624052 0.7487981 0.1977072 0.7421303 0.2382513 0.5918218 0.7908922 0.2406823 0.07812513 0.5768577 0.03158703 0.7903141 0.3167224 0.3700064 0.6609769 0.2793323 0.8336636 0.007622676 0.08267689 0.01183027 0.8215119 0.7852322 0.1295774 0.6688698 0.4295716 0.8066034 0.7877215 0.5860689 0.8959685 0.7554758 0.1897128 0.4100959 0.9805112 0.4524452 0.190155 0.1965702 0.5108335 0.7595045 0.8356228 0.01186843
-9999 -9999 -9999 -9999 -9999 -9999 -9999 -9999 -9999 -9999 0.9410144 0.6970519 0.6744445 0.5291236 0.4998873 0.9239907 0.01865561 0.4578857 0.1838354 0.5908541 0.4515997 0.1248003 0.8761871 0.8647195 0.8209074 0.5207132 0.1333207 0.04854317 0.08976389 0.4428818 0.4026822 0.7200775 0.353755 0.7061568 0.9165837 0.5309421 0.8147441 0.6705704 0.07428391 0.2283536 0.02428007 0.14783 0.1248491 0.4620089 0.709037 0.749219 0.9632959 0.9386277 0.4907849 0.7374031 0.8525153 0.4866485 0.8133913 0.4446434 0.8834771 0.5935832 0.3893549 0.3199154 0.9862171 0.9785259 0.4783699 0.6674346 0.3041039 0.7623195 0.3104214 0.139088 0.7438883 0.797878 0.9659128 0.04327181 0.5140328 0.7231646 -9999
-9999 -9999 -9999 -9999 -9999 -9999 -9999 -9999 -9999 -9999 0.4350942 0.6684884 0.5035719 0.7804874 0.4506285 0.9432731 0.3596786 0.5045993 0.647527 0.1981421 0.1026761 0.8932022 0.1927369 0.3954947 0.2840106 0.1432614 0.5452132 0.6937297 0.8424723 0.2269648 0.1241309 0.1574499 0.8915494 0.5882563 0.6060046 0.01844867 0.5419378 0.6714005 0.9132139 0.2999776 0.321707 0.5940778 0.9564348 0.6167952 0.7566223 0.2775118 0.1934777 0.9634969 0.6731237 0.3461277 0.06703142 0.3036267 0.7864602 0.1092409 0.3838139 0.7720693 0.136481 0.9372786 0.6976287 0.3032245 0.933583 0.3450315 0.7588276 0.4974616 0.3773139 0.09443651 0.09268015 0.5383563 0.01013233 0.629392 0.7691488 0.973208 -9999
-9999 -9999 -9999 -9999 -9999 -9999 -9999 -9999 -9999 -9999 -9999 0.7946817 0.3077603 0.5020783 0.9828393 0.4404874 0.8537126 0.06297918 0.5781736 0.496682 0.1608447 0.2449076 0.1840816 0.5704902 0.009884818 0.06277999 0.4689335 0.3946398 0.4786347 0.1859469 0.2391153 0.4565128 0.3943621 0.6239843 0.06524957 0.6312017 0.2119743 0.8226404 0.615447 0.8809726 0.1304737 0.7324396 0.008090124 0.08363383 0.2601936 0.412442 0.4966474 0.05231213 0.6533163 0.7316594 0.7990192 0.8091336 0.01017144 0.7306278 0.3839144 0.1753121 0.8738166 0.2056357 0.02675897 0.7401429 0.1253982 0.07810882 0.9476352 0.2714034 0.5927942 0.1116514 0.8437524 0.6296599 0.5850381 0.5392433 0.128949 0.24898 -9999
-9999 -9999 -9999 -9999 -9999 -9999 -9999 -9999 -9999 -9999 -9999 -9999 -9999 0.6199917 0.5068638 0.4339583 0.1205491 0.4385346 0.04288755 0.9268707 0.008425407 0.6453609 0.4927302 0.1385611 0.1482196 0.7975359 0.2576301 0.299625 0.9458469 0.9283969 0.1759749 0.3445918 0.4969352 0.9921345 0.3575295 0.7178326 0.8058189 0.6091526 0.8028215 0.7615001 0.4459394 0.9247122 0.3701813 0.997999 0.7241521 0.3933545 0.6529406 0.6194879 0.4114387 0.3016061 0.3292845 0.4969127 0.1025266 0.8414656 0.5472627 0.02107117 0.2669146 0.5471708 0.9074543 0.08820819 0.05380407 0.9077477 0.6057907 0.5426431 0.913437 0.9678407 0.299034 0.3889279 0.0973402 0.7293239 0.2554119 0.08603638 -9999
-9999 -9999 -9999 -9999 -9999 -9999 -9999 -9999 -9999 -9999 -9999 -9999 -9999 -9999 -9999 0.9711376 0.8031483 0.8238446 0.2988666 0.607471 0.71206 0.2134197 0.1071886 0.8430539 0.3143724 0.222579 0.01948759 0.2320482 0.4624768 0.9235889 0.7795199 0.5641049 0.981741 0.6541123 0.05140627 0.09702971 0.9061053 0.07213965 0.2821805 0.9496058 0.1707094 0.02732692 0.5526198 0.2170717 0.07405064 0.31124 0.2288558 0.3717566 0.8221731 0.3490051 0.2272677 0.5113712 0.4673886 0.8948651 0.7051554 0.01745469 0.5540287 0.7941425 0.989695 0.1864788 0.7837281 0.8741088 0.5576749 0.396107 0.01273811 0.02625972 0.8785139 0.3691111 0.8937737 0.5424969 0.933059 0.09744295 0.4748895
-9999 -9999 -9999 -9999 -9999 -9999 -9999 -9999 -9999 -9999 -9999 -9999 -9999 -9999 -9999 -9999 -9999 -9999 -9999 -9999 0.3873066 0.1236753 0.6308528 0.1260929 0.2129548 0.4423429 0.3326537 0.2368285 0.4298437 0.4147565 0.1114581 0.05683733 0.9048641 0.9885678 0.2745028 0.7619282 0.9354643 0.4718568 0.2515981 0.005647468 0.6659093 0.7804452 0.927404 0.01229647 0.6011975 0.3297433 0.227611 0.3457304 0.7811323 0.883626 0.02152861 0.1664383 0.177051 0.6728414 0.4035791 0.7894045 0.8737096 0.09545048 0.4161982 0.3552512 0.5988234 0.3117972 0.2766415 0.4271621 0.1627649 0.04651111 0.1701973 0.3260877 0.3709168 0.91004 0.6723061 0.0167317 0.971182
-9999 -9999 -9999 -9999 -9999 -9999 -9999 -9999 -9999 -9999 -9999 -9999 -9999 -9999 -9999 -9999 -9999 -9999 -9999 -9999 -9999 0.6089187 0.1849023 0.9793755 0.8982943 0.08811267 0.1060831 0.3458983 0.6778836 0.398586 0.7985464 0.812822 0.3157004 0.9541961 0.03242334 0.4782464 0.5197498 0.827385 0.04325328 0.2557162 0.2487232 0.4388767 0.583986 0.9174337 0.297204 0.7200305 0.4965146 0.7663786 0.4316537 0.3103508 0.1152404 0.9998327 0.8896791 0.3526531 0.815168 0.8268118 0.05508184 0.4483865 0.01703276 0.4019035 0.1211878 0.335612 0.9619589 0.6380119 0.5549589 0.8521372 0.5681489 0.9605069 0.1743853 0.7463075 0.6821039 0.06528197 0.6516598
-9999 -9999 -9999 -9999 -9999 -9999 -9999 -9999 -9999 -9999 -9999 -9999 -9999 -9999 -9999 -9999 -9999 -9999 -9999 -9999 -9999 -9999 0.6182165 0.8068662 0.1380391 0.9786558 0.4212481 0.6716743 0.7940739 0.8554015 0.06304153 0.2454308 0.5617611 0.1341655 0.3178974 0.2896913 0.2451026 0.2944067 0.6123533 0.5895255 0.5470411 0.4173448 0.2383183 0.06020593 0.07361101 0.5133529 0.4138645 0.2484293 0.3419946 0.2751313 0.7541736 0.5405682 0.8549853 0.06916279 0.7151413 0.3904543 0.3043564 0.9779488 0.572136 0.8791928 0.9656368 0.7055269 0.496416 0.9195082 0.3467927 0.15877 0.2917005 0.4171212 0.153315 0.5169659 0.3533993 0.701657 0.632214
-9999 -9999 -9999 -9999 -9999 -9999 -9999 -9999 -9999 -9999 -9999 -9999 -9999 -9999 -9999 -9999 -9999 -9999 -9999 -9999 -9999 -9999 -9999 -9999 0.09331919 0.3572327 0.2728704 0.7805601 0.4673558 0.4591859 0.4337422 0.2486117 0.4311831 0.08400636 0.8551816 0.3500561 0.3754765 0.7503871 0.2461089 0.2883779 0.225656 0.8500831 0.3464047 0.1651482 0.8532625 0.8629996 0.2464898 0.1892531 0.7568664 0.9511859 0.00768632 0.6712787 0.3250071 0.9942358 0.3958606 0.3655516 0.9936635 0.1285943 0.5408468 0.7223369 0.6107559 0.8532706 0.3341521 0.6126912 0.3201796 0.764457 0.3774429 0.08847229 0.2778688 0.9815546 0.2943125 0.7400056 0.5123929
-9999 -9999 -9999 -9999 -9999 -9999 -9999 -9999 -9999 -9999 -9999 -9999 -9999 -9999 -9999 -9999 -9999 -9999 -9999 -9999 -9999 -9999 -9999 -9999 -9999 -9999 0.7196206 0.2796487 0.7481641 0.2132129 0.2094212 0.3460647 0.45477 0.380454 0.5078765 0.5787776 0.3014883 0.5232918 0.9509099 0.592927 0.5353522 0.2670669 0.1122528 0.04193761 0.3498213 0.7022837 0.4794702 0.1792853 0.4924473 0.495207 0.8838924 0.596047 0.0326969 0.4554879 0.7469528 0.9467303 0.8524299 0.8733231 0.2054322 0.475885 0.421534 0.9386433 0.178109 0.1579955 0.4212159 0.5548347 0.436316 0.2631549 0.7774486 0.8594905 0.740903 0.1610196 0.6670747
-9999 -9999 -9999 -9999 -9999 -9999 -9999 -9999 -9999 -9999 -9999 -9999 -9999 -9999 -9999 -9999 -9999 -9999 -9999 -9999 -9999 -9999 -9999 -9999 -9999 -9999 -9999 -9999 -9999 -9999 -9999 0.08508585 0.1615142 0.8784997 0.02145848 0.8252158 0.40425 0.7181765 0.01474576 0.4209128 0.7279812 0.4884922 0.5343071 0.7147986 0.6733085 0.1007711 0.621056 0.4296373 0.9585214 0.2328327 0.2935215 0.6842042 0.5843341 0.1202507 0.6701622 0.7005615 0.8019034 0.4452693 0.7362125 0.7652395 0.7566275 0.8858756 0.06755911 0.5068252 0.620226 0.8875282 0.8241494 0.5524557 0.02360106 0.2200415 0.3254308 0.6257189 0.6029804
-9999 -9999 -9999 -9999 -9999 -9999 -9999 -9999 -9999 -9999 -9999 -9999 -9999 -9999 -9999 -9999 -9999 -9999 -9999 -9999 -9999 -9999 -9999 -9999 -9999 -9999 -9999 -9999 -9999 -9999 -9999 -9999 -9999 0.7024097 0.6877317 0.9906635 0.6023312 0.9223506 0.08970662 0.8592302 0.4380064 0.5866273 0.7617732 0.9077401 0.9337444 0.8153999 0.3028474 0.3277113 0.3687974 0.3122787 0.5563673 0.6432574 0.3612997 0.08624844 0.6749907 0.6380897 0.2864813 0.9118727 0.6579476 0.8020508 0.3237864 0.3402811 0.9235513 0.6096784 0.1953993 0.07343585 0.4793634 0.9433016 0.6586756 0.5141815 0.2525165 0.9731674 0.8149803
-9999 -9999 -9999 -9999 -9999 -9999 -9999 -9999 -9999 -9999 -9999 -9999 -9999 -9999 -9999 -9999 -9999 -9999 -9999 -9999 -9999 -9999 -9999 -9999 -9999 -9999 -9999 -9999 -9999 -9999 -9999 -9999 -9999 -9999 -9999 0.544781 0.6874756 0.9409302 0.9574736 0.7477055 0.7236075 0.3191082 0.2636455 0.721368 0.1322314 0.6508271 0.9407994 0.06575298 0.9244149 0.1868658 0.4171245 0.8690189 0.2519266 0.8503824 0.02725855 0.2956336 0.3889259 0.6160632 0.2146801 0.02216504 0.1081837 0.8931806 0.1598825 0.08322883 0.7643344 0.9750552 0.6468289 0.6900915 0.3966588 0.6174251 0.9801888 0.5844302 -9999
-9999 -9999 -9999 -9999 -9999 -9999 -9999 -9999 -9999 -9999 -9999 -9999 -9999 -9999 -9999 -9999 -9999 -9999 -9999 -9999 -9999 -9999 -9999 -9999 -9999 -9999 -9999 -9999 -9999 -9999 -9999 -9999 -9999 -9999 -9999 -9999 0.3797855 0.5789281 0.6890583 0.5598432 0.01427842 0.1118984 0.006379772 0.8804269 0.009084327 0.8718358 0.3144335 0.1619871 0.6224821 0.8270527 0.3443148 0.5152996 0.1102023 0.8477929 0.7236186 0.6367879 0.08699968 0.9926094 0.5665274 0.00310339 0.1108814 0.06427175 0.4428053 0.3664861 0.05249218 0.7477059 0.7881986 0.3634079 0.8121548 0.6424652 0.818742 0.04899583 -9999
-9999 -9999 -9999 -9999 -9999 -9999 -9999 -9999 -9999 -9999 -9999 -9999 -9999 -9999 -9999 -9999 -9999 -9999 -9999 -9999 -9999 -9999 -9999 -9999 -9999 -9999 -9999 -9999 -9999 -9999 -9999 -9999 -9999 -9999 -9999 -9999 -9999 0.4141425 0.7543688 0.902036 0.2477015 0.600447 0.7949693 0.9031643 0.7021618 0.3158019 0.01448516 0.1505389 0.2235232 0.4777572 0.9449188 0.4581105 0.7819061 0.2762173 0.2345598 0.1510753 0.1904026 0.5584503 0.4890496 0.1169007 0.5418445 0.811754 0.2569771 0.6102569 0.8213515 0.3062788 0.4725052 0.8743545 0.5071617 0.9605054 0.6675296 0.6411892 -9999
-9999 -9999 -9999 -9999 -9999 -9999 -9999 -9999 -9999 -9999 -9999 -9999 -9999 -9999 -9999 -9999 -9999 -9999 -9999 -9999 -9999 -9999 -9999 -9999 -9999 -9999 -9999 -9999 -9999 -9999 -9999 -9999 -9999 -9999 -9999 -9999 -9999 0.9904159 0.4339466 0.7301476 0.5533971 0.4994952 0.254586 0.4902199 0.9599241 0.5050266 0.4049102 0.2266757 0.6236438 0.7442358 0.8064671 0.110403 0.1376509 0.4420952 0.193686 0.5960574 0.1116572 0.001998912 0.7723251 0.06781414 0.933954 0.9347166 0.8505747 0.5046515 0.6622815 0.8381305 0.005317049 0.4776648 0.1061042 0.240253 0.3460427 -9999 -9999
-9999 -9999 -9999 -9999 -9999 -9999 -9999 -9999 -9999 -9999 -9999 -9999 -9999 -9999 -9999 -9999 -9999 -9999 -9999 -9999 -9999 -9999 -9999 -9999 -9999 -9999 -9999 -9999 -9999 -9999 -9999 -9999 -9999 -9999 -9999 -9999 -9999 -9999 0.05753577 0.3134274 0.5043036 0.4958255 0.496064 0.6608616 0.7912704 0.01017815 0.1933716 0.3857463 0.7581557 0.1477112 0.7094074 0.1021038 0.7586784 0.07070292 0.1382544 0.5429901 0.05093038 0.8540443 0.6659905 0.74238 0.4978162 0.2081399 0.2418316 0.5647076 0.1620236 0.7057138 0.1750554 0.144564 0.108026 0.5750234 0.4702061 -9999 -9999
-9999 -9999 -9999 -9999 -9999 -9999 -9999 -9999 -9999 -9999 -9999 -9999 -9999 -9999 -9999 -9999 -9999 -9999 -9999 -9999 -9999 -9999 -9999 -9999 -9999 -9999 -9999 -9999 -9999 -9999 -9999 -9999 -9999 -9999 -9999 -9999 -9999 -9999 0.9606177 0.1631662 0.7883864 0.8612531 0.6720932 0.1128275 0.5876681 0.3476493 0.3564396 0.6669083 0.2370317 0.4966129 0.0471051 0.2129638 0.07520042 0.8573888 0.3593403 0.5471947 0.1317087 0.4573255 0.6076298 0.5494962 0.08222424 0.8070022 0.73953 0.846788 0.9265267 0.6748868 0.1484136 0.2771259 0.9516426 -9999 -9999 -9999 -9999
-9999 -9999 -9999 -9999 -9999 -9999 -9999 -9999 -9999 -9999 -9999 -9999 -9999 -9999 -9999 -9999 -9999 -9999 -9999 -9999 -9999 -9999 -9999 -9999 -9999 -9999 -9999 -9999 -9999 -9999 -9999 -9999 -9999 -9999 -9999 -9999 -9999 -9999 0.2193092 0.3044087 0.1830929 0.4796352 0.9264768 0.5759975 0.1619728 0.2860659 0.2944808 0.6061532 0.9378972 0.5803102 0.2723618 0.767527 0.4496604 0.8017687 0.08633599 0.1058808 0.2473387 0.4180555 0.4675789 0.5434569 0.5345274 0.9037582 0.2120394 0.2737528 0.07385788 0.8168534 0.3847859 0.4102035 -9999 -9999 -9999 -9999 -9999
-9999 -9999 -9999 -9999 -9999 -9999 -9999 -9999 -9999 -9999 -9999 -9999 -9999 -9999 -9999 -9999 -9999 -9999 -9999 -9999 -9999 -9999 -9999 -9999 -9999 -9999 -9999 -9999 -9999 -9999 -9999 -9999 -9999 -9999 -9999 -9999 -9999 -9999 0.8174204 0.004221623 0.8114327 0.1837758 0.1664325 0.9712071 0.9632986 0.8846422 0.1382193 0.9321724 0.7576329 0.4983351 0.7033856 0.4130315 0.3369538 0.9572703 0.1217362 0.2671677 0.2488239 0.8359079 0.2843167 0.8329036 0.9851569 0.01017569 0.9656107 0.2980032 0.08793076 0.05517468 0.5483935 -9999 -9999 -9999 -9999 -9999 -9999
-9999 -9999 -9999 -9999 -9999 -9999 -9999 -9999 -9999 -9999 -9999 -9999 -9999 -9999 -9999 -9999 -9999 -9999 -9999 -9999 -9999 -9999 -9999 -9999 -9999 -9999 -9999 -9999 -9999 -9999 -9999 -9999 -9999 -9999 -9999 -9999 -9999 -9999 -9999 0.4617542 0.6626875 0.9697497 0.2895356 0.3099217 0.4671163 0.8126569 0.6931207 0.555833 0.6561021 0.5359992 0.9371426 0.8337587 0.5482532 0.07657555 0.1087719 0.2873842 0.04306478 0.6487882 0.2961098 0.06028798 0.9580771 0.8698866 0.1148001 0.07157654 0.4480646 0.826618 0.8479207 -9999 -9999 -9999 -9999 -9999 -9999
-9999 -9999 -9999 -9999 -9999 -9999 -9999 -9999 -9999 -9999 -9999 -9999 -9999 -9999 -9999 -9999 -9999 -9999 -9999 -9999 -9999 -9999 -9999 -9999 -9999 -9999 -9999 -9999 -9999 -9999 -9999 -9999 -9999 -9999 -9999 -9999 -9999 -9999 0.758225 0.815626 0.06646127 0.1325655 0.8848515 0.7997423 0.8265688 0.3910032 0.5365712 0.1630231 0.1285908 0.1363062 0.9791168 0.8073516 0.6620653 0.6643472 0.5617324 0.8545358 0.8617849 0.8084288 0.4244489 0.6143262 0.7967126 0.7061288 0.4592655 0.2282147 0.7190542 0.523178 -9999 -9999 -9999 -9999 -9999 -9999 -9999
