data/testdata1.asc
ncols         279
nrows         271
xllcorner     166
yllcorner     -47.6
cellsize      0.05
NODATA_value  -9999
[rows 96 to 127 of 271, columns 146 to 218 of 279]
-9999 -9999 -9999 -9999 -9999 -9999 -9999 -9999 -9999 -9999 -9999 -9999 -9999 -9999 -9999 -9999 -9999 -9999 -9999 -9999 -9999 -9999 -9999 -9999 -9999 0.5114915 0.08473437 0.4051529 0.02468355 0.7761537 0.9180208 0.5014724 0.431271 0.1580549 0.886291 0.1226452 0.216026 0.8391573 0.9010412 0.3341554 0.418565 0.6899145 0.2865636 0.2196906 0.6173992 0.7812352 0.4589015 0.262246 0.3452179 0.02535176 0.6555856 0.2603837 0.8362023 0.008095797 0.5286515 0.3421486 0.4178719 0.07507986 0.4134389 0.6391411 0.859961 0.7342852 0.08567114 0.1832456 0.9928273 0.4375561 0.819317 0.5885147 0.9078909 0.8035001 0.5577329 0.08071072 0.05260525
-9999 -9999 -9999 -9999 -9999 -9999 -9999 -9999 -9999 -9999 -9999 -9999 -9999 -9999 -9999 -9999 -9999 -9999 -9999 -9999 -9999 -9999 -9999 -9999 0.6652843 0.4500946 0.4533782 0.737103 0.2115825 0.001126175 0.8308709 0.2451978 0.7204753 0.919027 0.4904186 0.5455926 0.3714145 0.6893518 0.4644166 0.07514377 0.759761 0.06140339 0.8697482 0.09707773 0.8286692 0.4986723 0.380685 0.1221338 0.1486278 0.5238074 0.2056936 0.2554881 0.1071578 0.2706177 0.6306481 0.2819581 0.5711653 0.5556057 0.1909502 0.3019898 0.5844516 0.7815321 0.5350533 0.7309243 0.662879 0.9855109 0.04189536 0.4740477 0.2496938 0.3441368 0.2547359 0.08992015 0.8935034
-9999 -9999 -9999 -9999 -9999 -9999 -9999 -9999 -9999 -9999 -9999 -9999 -9999 -9999 -9999 -9999 -9999 -9999 -9999 -9999 -9999 -9999 0.379737 0.9737391 0.2912711 0.5078047 0.617324 0.2743679 0.9684066 0.1662286 0.2756218 0.963578 0.2186506 0.7930817 0.4025784 0.3043099 0.9442067 0.3237668 0.0855246 0.06318125 0.940299 0.181373 0.7492698 0.3779189 0.3202212 0.9819976 0.911229 0.4411966 0.9286665 0.9627251 0.7060812 0.06337897 0.5558389 0.6947616 0.4924583 0.1766722 0.7648458 0.644226 0.8541665 0.3431805 0.1448723 0.1430968 0.3084377 0.3293691 0.8026351 0.3328166 0.03371285 0.8094333 0.9046203 0.6430508 0.9294567 0.2600738 0.08259974
-9999 -9999 -9999 -9999 -9999 -9999 -9999 -9999 -9999 -9999 -9999 -9999 -9999 -9999 -9999 -9999 -9999 0.332535 0.006751617 0.8384681 0.5618429 0.4625373 0.3688425 0.6982919 0.979464 0.9893366 0.5966441 0.3910208 0.8510703 0.3173948 0.7154642 0.2723572 0.2895322 0.2022021 0.6611482 0.6263025 0.6782428 0.2534512 0.5010263 0.6234089 0.4955814 0.6764919 0.6275175 0.2985628 0.2682825 0.06456791 0.4868888 0.860799 0.7162107 0.05433402 0.4056717 0.6476468 0.1510432 0.6571552 0.07723417 0.03650669 0.1913568 0.07868649 0.2710092 0.6255583 0.8566229 0.8392345 0.3268797 0.9967004 0.102607 0.007399968 0.9972192 0.3730213 0.8606762 0.3595013 0.1990897 0.4833007 0.6435114
-9999 -9999 -9999 -9999 -9999 -9999 -9999 -9999 -9999 -9999 -9999 -9999 -9999 -9999 0.4862977 0.7791218 0.1114758 0.9042254 0.8503975 0.002540572 0.1935396 0.7859696 0.5128456 0.1337053 0.1917996 0.1100918 0.1151796 0.5313739 0.4564802 0.0720582 0.5017723 0.1867658 0.3308022 0.06485981 0.7894115 0.6827908 0.5818908 0.02300686 0.7376618 0.9384331 0.4137148 0.2079291 0.2325064 0.3007931 0.3745579 0.4972827 0.6957719 0.5472841 0.4715202 0.2406624 0.2328325 0.360486 0.8045515 0.7442217 0.3310969 0.8381554 0.03251586 0.4466976 0.9217756 0.600891 0.9837872 0.8493422 0.6174298 0.05995625 0.7238762 0.2622606 0.9378015 0.4077578 0.3925887 0.4296558 0.3364249 0.8934802 0.123215
-9999 -9999 -9999 -9999 -9999 -9999 -9999 -9999 -9999 -9999 -9999 -9999 0.6905196 0.3714752 0.3888537 0.2525441 0.11859 0.6835123 0.6416204 0.1248493 0.7081267 0.560909 0.6536645 0.5625601 0.09689442 0.2890854 0.6114951 0.3946837 0.3434498 0.4494368 0.7988046 0.1603866 0.6871509 0.6353976 0.02249398 0.4207621 0.9058229 0.3130368 0.7926045 0.2463792 0.8335809 0.1386857 0.3186555 0.6931128 0.6013081 0.04609522 0.3848886 0.07875475 0.1622908 0.4156261 0.1669183 0.8729067 0.6655089 0.6379691 0.05228822 0.01265396 0.239084 0.3848971 0.5274342 0.4565201 0.7463821 0.8995486 0.1935536 0.7892038 0.0772738 0.6187415 0.9738802 0.6895964 0.5370504 0.4398196 0.5748666 0.07458016 0.8954958
-9999 -9999 -9999 -9999 -9999 -9999 -9999 -9999 -9999 -9999 0.5441874 0.3172845 0.1651099 0.3301395 0.5302259 0.8962672 0.2339712 0.07424658 0.3359658 0.03935692 0.7328479 0.1720558 0.6891037 0.5708344 0.8437897 0.2809548 0.2170704 0.09697799 0.4787811 0.2696504 0.260752 0.0766205 0.845415 0.2516155 0.3952419 0.9581119 0.2508481 0.5911928 0.9701236 0.4451884 0.9565367 0.4448545 0.9817855 0.9542481 0.896255 0.4001183 0.5902667 0.3255325 0.06989308 0.7746198 0.5931336 0.8507142 0.4255379 0.1378408 0.1688881 0.6793914 0.04233385 0.6179943 0.2024076 0.666988 0.4266257 0.5565652 0.504915 0.7265603 0.7338825 0.07300804 0.2409812 0.7470101 0.7289022 0.1021 0.8750579 0.1402036 0.2967988
-9999 -9999 -9999 -9999 -9999 -9999 -9999 -9999 -9999 -9999 0.996813 0.1411823 0.9437212 0.4077249 0.3288257 0.2333255 0.06816112 0.4746997 0.4279136 0.3069878 0.1848602 0.2545249 0.1638209 0.7849033 0.2678488 0.8300986 0.4020347 0.6804589 0.6332138 0.3106404 0.7755135 0.5911019 0.5955923 0.2645526 0.2415716 0.2737798 0.5660723 0.2655628 0.9864208 0.1149111 0.6539993 0.3646477 0.239867 0.8073867 0.835189 0.3002383 0.5626639 0.5471038 0.7490467 0.2592061 0.169023 0.06153003 0.1870925 0.001130886 0.8467795 0.7827989 0.335393 0.1583492 0.03771448 0.4778373 0.8333994 0.5242846 0.6405333 0.6480233 0.711691 0.1425592 0.09900069 0.01087557 0.2711264 0.009385965 0.3377316 0.3762745 0.9658997
-9999 -9999 -9999 -9999 -9999 -9999 -9999 -9999 -9999 0.02375603 0.1657264 0.2462525 0.7604353 0.1060258 0.8342361 0.3325362 0.4722216 0.4137137 0.5884305 0.4206419 0.7656379 0.009549517 0.1403731 0.6973 0.5680267 0.7604777 0.9786935 0.7683237 0.7914259 0.07618234 0.7428542 0.8287744 0.7556643 0.4015191 0.7731994 0.9932849 0.06848909 0.5253533 0.6492858 0.3490373 0.2752236 0.7683032 0.5289931 0.2938976 0.5904571 0.1118916 0.100917 0.7222075 0.02426494 0.3316016 0.9625432 0.6207309 0.2154612 0.1963398 0.236702 0.6372577 0.2843815 0.7968053 0.238805 0.1843636 0.0176974 0.06526542 0.007362581 0.6408262 0.6977623 0.5492369 0.5102825 0.213197 0.8889884 0.5015741 0.3394505 0.02003014 0.4937547
-9999 -9999 -9999 -9999 -9999 -9999 -9999 -9999 -9999 0.1789691 0.9405457 0.8091923 0.2283964 0.004111541 0.1941138 0.1212108 0.2472385 0.454426 0.3681283 0.0006319613 0.1511481 0.2415718 0.124776 0.8284343 0.8041933 0.5758198 0.5608289 0.7226114 0.4284894 0.2493045 0.6571078 0.4046262 0.4228033 0.7388066 0.8568508 0.1166482 0.7163119 0.6405681 0.8354893 0.4020705 0.2200196 0.7496377 0.5243291 0.5618088 0.9383292 0.09624784 0.4506386 0.5988816 0.3032717 0.2517229 0.4566429 0.4637712 0.2938898 0.2164185 0.8599242 0.4130664 0.90328 0.2021926 0.1177282 0.2938868 0.5157893 0.6219069 0.05767747 0.5665869 0.7568687 0.5984604 0.73739 0.8782436 0.3780833 0.3058541 0.9955051 0.9994227 0.7397778
-9999 -9999 -9999 -9999 -9999 -9999 -9999 -9999 -9999 -9999 0.9483587 0.6007342 0.4078214 0.6762388 0.788097 0.1684573 0.01088975 0.5123477 0.4082025 0.00357163 0.4407277 0.2242525 0.3047279 0.9077597 0.1114866 0.5574604 0.717943 0.1382857 0.7129064 0.5701161 0.7702737 0.8183957 0.8189591 0.3500423 0.4987731 0.8516247 0.4222716 0.6419378 0.09462345 0.4025092 0.2068317 0.94723 0.662169 0.006206237 0.3714737 0.6590856 0.8099809 0.3695193 0.8166465 0.7950759 0.3864524 0.9258294 0.506962 0.8899997 0.6724265 0.2064331 0.8220256 0.6113611 0.3433535 0.09078727 0.7080472 0.6600052 0.5134806 0.9981584 0.4427337 0.5184079 0.1745729 0.08318 0.8259635 0.6091242 0.3416651 0.4978154 -9999
-9999 -9999 -9999 -9999 -9999 -9999 -9999 -9999 -9999 -9999 0.5255644 0.1051681 0.7302966 0.206174 0.5945023 0.5216857 0.1460225 0.1783752 0.6241635 0.6372545 0.9901103 0.6842839 0.6493164 0.4950158 0.8375275 0.7542316 0.3447588 0.08105849 0.6304442 0.3108382 0.1681409 0.7670456 0.2995711 0.7698417 0.2254438 0.5223727 0.2644039 0.44171 0.4216135 0.2083575 0.8748733 0.5465328 0.458853 0.2669603 0.8569019 0.6546962 0.2450689 0.1165362 0.824367 0.3658372 0.2749747 0.5671179 0.9199698 0.03858023 0.5463515 0.5677305 0.6475106 0.3835547 0.573963 0.5982374 0.9580707 0.732194 0.06362828 0.01821659 0.6526002 0.7938153 0.8089504 0.6853694 0.163412 0.7134811 0.3732007 0.1559597 -9999
-9999 -9999 -9999 -9999 -9999 -9999 -9999 -9999 -9999 -9999 -9999 0.8417236 0.8158939 0.2937334 0.3230779 0.6580754 0.5372676 0.2362074 0.3488183 0.909308 0.8254122 0.8066493 0.5451965 0.9886795 0.502003 0.08085036 0.3604826 0.3918802 0.9835181 0.8040509 0.3300586 0.8832925 0.2785529 0.4732154 0.919437 0.7599068 0.629666 0.6732141 0.04305872 0.7753938 0.1122558 0.7294112 0.07137389 0.286833 0.5029689 0.7391587 0.1387028 0.1865974 0.7301396 0.044697 0.5643784 0.1818948 0.2187604 0.2099613 0.1996705 0.9844648 0.4424841 0.5637946 0.5129905 0.972932 0.9951571 0.3720672 0.225878 0.8903168 0.4943836 0.7012015 0.312268 0.1392003 0.6296216 0.03560397 0.1735401 0.2370471 -9999
-9999 -9999 -9999 -9999 -9999 -9999 -9999 -9999 -9999 -9999 -9999 -9999 -9999 0.830284 0.205008 0.243816 0.8604503 0.7700157 0.626779 0.6646063 0.5481629 0.5913204 0.2018684 0.1178795 0.7560977 0.5946026 0.3281807 0.4903516 0.5361889 0.2800504 0.2659403 0.02879993 0.2105278 0.1496367 0.9309042 0.6752689 0.2837157 0.02865322 0.3164816 0.9530558 0.3903743 0.2192746 0.6072591 0.2159786 0.8403113 0.7986539 0.04643223 0.07342457 0.3238431 0.37405 0.6196434 0.8036808 0.3397727 0.6074856 0.617726 0.568045 0.9085249 0.8224363 0.1408551 0.2382183 0.1329373 0.005052098 0.6066035 0.6494794 0.1692075 0.5124086 0.3244053 0.09213918 0.1704964 0.8002906 0.1989244 0.8537771 -9999
-9999 -9999 -9999 -9999 -9999 -9999 -9999 -9999 -9999 -9999 -9999 -9999 -9999 -9999 -9999 0.2884839 0.5623137 0.4121603 0.6875737 0.9198108 0.3025505 0.8483072 0.2931257 0.9051609 0.2694516 0.06518018 0.3007613 0.8795905 0.02743684 0.2500589 0.9164487 0.9239721 0.3520618 0.8774697 0.4607337 0.3191447 0.3074105 0.5199767 0.6199615 0.3039705 0.7492693 0.06912912 0.4045282 0.8997973 0.0665819 0.9290645 0.1266639 0.8638282 0.9736856 0.7452687 0.7102472 0.833897 0.165829 0.2309919 0.6451511 0.7271492 0.6504709 0.6538209 0.8986197 0.4551308 0.56686 0.5449073 0.09617656 0.01778144 0.3063967 0.1933528 0.2845642 0.03883578 0.7462754 0.4882499 0.5892145 0.8051294 0.4089083
-9999 -9999 -9999 -9999 -9999 -9999 -9999 -9999 -9999 -9999 -9999 -9999 -9999 -9999 -9999 -9999 -9999 -9999 -9999 -9999 0.7176209 0.3410735 0.7679548 0.0831642 0.58757 0.3819243 0.5278274 0.3371462 0.9807078 0.7960106 0.9143113 0.7342579 0.697969 0.4237989 0.4928447 0.2075637 0.4253134 0.315671 0.6080561 0.5515324 0.07772011 0.1022848 0.1281485 0.434977 0.5845876 0.4782178 0.5369409 0.3085245 0.1790406 0.6113899 0.9360656 0.519119 0.2536429 0.2907692 0.5198212 0.944054 0.8450165 0.6248581 0.08518283 0.4570373 0.8098673 0.103461 0.1394681 0.5387865 0.754916 0.8352328 0.1681592 0.3446562 0.7832367 0.7735092 0.6253815 0.5417958 0.1195009
-9999 -9999 -9999 -9999 -9999 -9999 -9999 -9999 -9999 -9999 -9999 -9999 -9999 -9999 -9999 -9999 -9999 -9999 -9999 -9999 -9999 0.4587085 0.8773965 0.6893917 0.212649 0.0727271 0.3443889 0.4026681 0.7888327 0.4086553 0.4282063 0.3416522 0.5254627 0.4806541 0.2891088 0.4449205 0.2308174 0.5135933 0.04678345 0.3770172 0.02330958 0.122983 0.2678931 0.04627603 0.6491141 0.3113112 0.4419064 0.845299 0.5693258 0.3432884 0.2577089 0.1765911 0.129149 0.5624977 0.493496 0.8258511 0.1216183 0.2119514 0.3324467 0.7454192 0.05835047 0.3210543 0.9166784 0.8103803 0.4598275 0.7214724 0.9519836 0.1098237 0.4777112 0.2544083 0.1758472 0.3357593 0.1616891
-9999 -9999 -9999 -9999 -9999 -9999 -9999 -9999 -9999 -9999 -9999 -9999 -9999 -9999 -9999 -9999 -9999 -9999 -9999 -9999 -9999 -9999 0.5036924 0.3947274 0.4424138 0.5863577 0.7977889 0.7952048 0.9934973 0.5389917 0.307987 0.4812063 0.5501098 0.3371747 0.3485884 0.9064187 0.04994292 0.3958437 0.9109117 0.5615923 0.8690582 0.3419259 0.9291619 0.8292775 0.3631465 0.8866537 0.7377059 0.7018418 0.5064444 0.3424096 0.7822538 0.1752693 0.1908061 0.09660397 0.6474471 0.1312407 0.7474323 0.3550825 0.4633527 0.519994 0.2537546 0.4675662 0.7533632 0.6564679 0.1879768 0.1476219 0.7860038 0.442225 0.993772 0.899664 0.4931449 0.3256573 0.1176363
-9999 -9999 -9999 -9999 -9999 -9999 -9999 -9999 -9999 -9999 -9999 -9999 -9999 -9999 -9999 -9999 -9999 -9999 -9999 -9999 -9999 -9999 -9999 -9999 0.3794476 0.5777642 0.5673196 0.5243748 0.6141858 0.2977132 0.9485778 0.2766263 0.8044291 0.7864721 0.02631974 0.02310825 0.3896737 0.9505742 0.02233692 0.8428772 0.7522409 0.1129496 0.2253914 0.2007474 0.6892012 0.8276231 0.668218 0.1155035 0.6225792 0.1670674 0.3240575 0.9570192 0.3603404 0.04471253 0.1352214 0.9347836 0.2206581 0.1351125 0.186187 0.3403321 0.3319627 0.954267 0.3337247 0.6060844 0.9212716 0.6626003 0.6065566 0.2430888 0.4033004 0.153096 0.687045 0.7201725 0.08285608
-9999 -9999 -9999 -9999 -9999 -9999 -9999 -9999 -9999 -9999 -9999 -9999 -9999 -9999 -9999 -9999 -9999 -9999 -9999 -9999 -9999 -9999 -9999 -9999 -9999 -9999 0.8905707 0.03150387 0.2995049 0.6647888 0.9047554 0.7860157 0.7018031 0.1567174 0.7997245 0.06432574 0.5812629 0.5005239 0.7643297 0.5640249 0.519718 0.7093587 0.1474715 0.3577804 0.3182557 0.3121952 0.7962351 0.6250249 0.1263674 0.3062231 0.2416806 0.7781779 0.5750051 0.5350215 0.2947907 0.295897 0.9760439 0.3050147 0.6150743 0.5758616 0.6506519 0.0527079 0.8143256 0.119587 0.449065 0.8752053 0.658041 0.3617705 0.5242687 0.7365084 0.9269907 0.4566678 0.4220863
-9999 -9999 -9999 -9999 -9999 -9999 -9999 -9999 -9999 -9999 -9999 -9999 -9999 -9999 -9999 -9999 -9999 -9999 -9999 -9999 -9999 -9999 -9999 -9999 -9999 -9999 -9999 -9999 -9999 -9999 -9999 0.1445415 0.4068887 0.3459916 0.07352477 0.364487 0.5918101 0.416752 0.390512 0.9820161 0.5383561 0.4722185 0.3392491 0.2948515 0.1939193 0.04916561 0.2167456 0.8816152 0.1785757 0.9678305 0.9596137 0.9360565 0.09099346 0.05090696 0.3894294 0.3864372 0.3963721 0.2839459 0.5713754 0.3625724 0.2089131 0.479662 0.09866486 0.5730279 0.2813221 0.5086462 0.1152463 0.1549734 0.5138419 0.1589856 0.88929 0.5591927 0.2953169
-9999 -9999 -9999 -9999 -9999 -9999 -9999 -9999 -9999 -9999 -9999 -9999 -9999 -9999 -9999 -9999 -9999 -9999 -9999 -9999 -9999 -9999 -9999 -9999 -9999 -9999 -9999 -9999 -9999 -9999 -9999 -9999 -9999 0.1836257 0.1828472 0.984104 0.05445195 0.7232671 0.4508632 0.5932606 0.1161685 0.7061871 0.1376576 0.2310769 0.6842018 0.01407386 0.5088565 0.717481 0.8509372 0.4703421 0.6892319 0.5115155 0.5206647 0.5757291 0.2176336 0.07388609 0.3024018 0.7009214 0.4183272 0.2177918 0.1253716 0.04871294 0.6512378 0.2605364 0.1396375 0.6981949 0.503601 0.7884206 0.4643946 0.04347605 0.985519 0.8474164 0.3464165
-9999 -9999 -9999 -9999 -9999 -9999 -9999 -9999 -9999 -9999 -9999 -9999 -9999 -9999 -9999 -9999 -9999 -9999 -9999 -9999 -9999 -9999 -9999 -9999 -9999 -9999 -9999 -9999 -9999 -9999 -9999 -9999 -9999 -9999 -9999 0.4831448 0.5786939 0.2658214 0.1017556 0.5934092 0.2666602 0.09948808 0.5014703 0.6957456 0.7740557 0.02495698 0.2286369 0.3715456 0.9173601 0.7743533 0.5414543 0.7776551 0.4798042 0.8541097 0.5272991 0.2872441 0.9411061 0.4612256 0.8500401 0.3220816 0.07048921 0.4971836 0.1418842 0.4387178 0.1954804 0.2420217 0.3522534 0.7310714 0.9589908 0.2510614 0.3661927 0.6119241 -9999
-9999 -9999 -9999 -9999 -9999 -9999 -9999 -9999 -9999 -9999 -9999 -9999 -9999 -9999 -9999 -9999 -9999 -9999 -9999 -9999 -9999 -9999 -9999 -9999 -9999 -9999 -9999 -9999 -9999 -9999 -9999 -9999 -9999 -9999 -9999 -9999 0.1507161 0.4257074 0.4907447 0.7035862 0.4536659 0.685056 0.9332793 0.7109411 0.1545621 0.5246353 0.6303112 0.9328157 0.3312255 0.949859 0.423432 0.7623881 0.9938652 0.08865415 0.1565681 0.5269946 0.06188519 0.5383841 0.865678 0.04013174 0.9070973 0.4510541 0.4411051 0.6729897 0.5258405 0.1692974 0.3250884 0.2580164 0.402506 0.2256429 0.8069277 0.1370135 -9999
-9999 -9999 -9999 -9999 -9999 -9999 -9999 -9999 -9999 -9999 -9999 -9999 -9999 -9999 -9999 -9999 -9999 -9999 -9999 -9999 -9999 -9999 -9999 -9999 -9999 -9999 -9999 -9999 -9999 -9999 -9999 -9999 -9999 -9999 -9999 -9999 -9999 0.3083866 0.8389184 0.8407559 0.8930092 0.3013096 0.9814362 0.585888 0.4038058 0.6864932 0.8236894 0.690656 0.7113193 0.8126018 0.4711592 0.9195949 0.5126523 0.4582464 0.6357263 0.03322646 0.9971712 0.3947293 0.8497823 0.5011944 0.4531956 0.8901942 0.293622 0.0630549 0.2692189 0.2176827 0.04861791 0.6992244 0.6421607 0.2295976 0.5886745 0.5745826 -9999
-9999 -9999 -9999 -9999 -9999 -9999 -9999 -9999 -9999 -9999 -9999 -9999 -9999 -9999 -9999 -9999 -9999 -9999 -9999 -9999 -9999 -9999 -9999 -9999 -9999 -9999 -9999 -9999 -9999 -9999 -9999 -9999 -9999 -9999 -9999 -9999 -9999 0.9498913 0.1339135 0.9946501 0.8202115 0.7269018 0.2773544 0.1396187 0.1411382 0.1114288 0.2141693 0.6637031 0.7970178 0.6930463 0.9320303 0.4023346 0.6325549 0.1104767 0.9867395 0.1093553 0.7477185 0.005936586 0.9009116 0.7883178 0.9843138 0.936514 0.8790609 0.5120647 0.6352117 0.5550761 0.9015962 0.54309 0.9387323 0.3732091 0.2602208 -9999 -9999
-9999 -9999 -9999 -9999 -9999 -9999 -9999 -9999 -9999 -9999 -9999 -9999 -9999 -9999 -9999 -9999 -9999 -9999 -9999 -9999 -9999 -9999 -9999 -9999 -9999 -9999 -9999 -9999 -9999 -9999 -9999 -9999 -9999 -9999 -9999 -9999 -9999 -9999 0.2601064 0.9459233 0.2989616 0.3497276 0.5094554 0.8550896 0.2364392 0.1967701 0.2570204 0.2464023 0.8059604 0.7144951 0.8557724 0.7084547 0.9215391 0.3287534 0.9924991 0.6767796 0.05573711 0.7455626 0.3218378 0.9184676 0.9381506 0.4611165 0.93234 0.7081932 0.6171777 0.8694514 0.9570671 0.7581461 0.697567 0.5302684 0.6412174 -9999 -9999
-9999 -9999 -9999 -9999 -9999 -9999 -9999 -9999 -9999 -9999 -9999 -9999 -9999 -9999 -9999 -9999 -9999 -9999 -9999 -9999 -9999 -9999 -9999 -9999 -9999 -9999 -9999 -9999 -9999 -9999 -9999 -9999 -9999 -9999 -9999 -9999 -9999 -9999 0.3315963 0.8770186 0.5398489 0.004836089 0.03961768 0.5968636 0.5510178 0.9339383 0.5128774 0.8353238 0.9641232 0.1477312 0.4056962 0.5808376 0.5243444 0.7061943 0.5697977 0.1434532 0.7432333 0.6961165 0.4275996 0.7185488 0.7192709 0.5467707 0.7556607 0.657585 0.02483069 0.583868 0.4407847 0.7583876 0.7220474 -9999 -9999 -9999 -9999
-9999 -9999 -9999 -9999 -9999 -9999 -9999 -9999 -9999 -9999 -9999 -9999 -9999 -9999 -9999 -9999 -9999 -9999 -9999 -9999 -9999 -9999 -9999 -9999 -9999 -9999 -9999 -9999 -9999 -9999 -9999 -9999 -9999 -9999 -9999 -9999 -9999 -9999 0.8619536 0.3521766 0.3222267 0.7738677 0.07936788 0.7133299 0.4520095 0.8857917 0.2215494 0.9103448 0.342303 0.5563199 0.3394598 0.3041767 0.4578338 0.8366314 0.4251768 0.3608987 0.7758557 0.6043363 0.2939747 0.17343 0.5295582 0.9699702 0.7671854 0.7684212 0.5335061 0.1248947 0.9683414 0.7607946 -9999 -9999 -9999 -9999 -9999
-9999 -9999 -9999 -9999 -9999 -9999 -9999 -9999 -9999 -9999 -9999 -9999 -9999 -9999 -9999 -9999 -9999 -9999 -9999 -9999 -9999 -9999 -9999 -9999 -9999 -9999 -9999 -9999 -9999 -9999 -9999 -9999 -9999 -9999 -9999 -9999 -9999 -9999 0.1732805 0.2843261 0.5384829 0.5716752 0.4048384 0.3209503 0.1808845 0.9491529 0.5951518 0.4082859 0.4192855 0.9548305 0.8059741 0.6519514 0.8378771 0.3392925 0.137648 0.481006 0.04930829 0.259694 0.2176311 0.7722166 0.6148517 0.4528562 0.4429274 0.1501075 0.1247258 0.8653934 0.03892568 -9999 -9999 -9999 -9999 -9999 -9999
-9999 -9999 -9999 -9999 -9999 -9999 -9999 -9999 -9999 -9999 -9999 -9999 -9999 -9999 -9999 -9999 -9999 -9999 -9999 -9999 -9999 -9999 -9999 -9999 -9999 -9999 -9999 -9999 -9999 -9999 -9999 -9999 -9999 -9999 -9999 -9999 -9999 -9999 -9999 0.858663 0.8723797 0.7892807 0.735342 0.174239 0.7264628 0.262312 0.9286184 0.09086446 0.3649286 0.6774788 0.960374 0.9259995 0.09356036 0.2025599 0.645372 0.1660647 0.002031039 0.4727569 0.302114 0.6659042 0.5803586 0.1592971 0.6056229 0.9771547 0.386142 0.0731938 0.7722579 -9999 -9999 -9999 -9999 -9999 -9999
-9999 -9999 -9999 -9999 -9999 -9999 -9999 -9999 -9999 -9999 -9999 -9999 -9999 -9999 -9999 -9999 -9999 -9999 -9999 -9999 -9999 -9999 -9999 -9999 -9999 -9999 -9999 -9999 -9999 -9999 -9999 -9999 -9999 -9999 -9999 -9999 -9999 -9999 0.8725771 0.1830948 0.4493095 0.183907 0.8766265 0.9869254 0.144104 0.108459 0.06108975 0.001482093 0.1716584 0.01621368 0.5788074 0.4366848 0.6451786 0.777377 0.3852476 0.9185453 0.3678272 0.08461887 0.3578909 0.3771069 0.9931239 0.8117157 0.7632711 0.8289149 0.6892519 0.2979742 -9999 -9999 -9999 -9999 -9999 -9999 -9999
