data/testdata0.asc
ncols         279
nrows         271
xllcorner     166
yllcorner     -47.6
cellsize      0.05
NODATA_value  -9999
[rows 192 to 223 of 271, columns 73 to 145 of 279]
0.08367445 0.4863192 0.05928067 0.8136374 0.6340362 0.2627425 0.7999328 0.9623711 0.425138 0.1845676 0.02325921 0.5187027 0.0612438 0.4754854 0.4802296 0.7714553 0.4825708 0.8452253 0.4234162 0.7387763 0.08662663 0.5903845 0.9724716 0.8802958 0.7284538 0.4960403 0.7647641 0.8913156 0.6622798 0.3506419 0.4536684 0.8915307 0.4870742 0.8866847 0.6170128 0.3207803 0.1585111 0.9596649 0.6381831 0.8543317 0.1298387 0.7778166 0.1223818 0.6501943 0.6841541 0.9951285 0.4105447 0.2409658 0.5205855 0.4801432 0.7534128 0.3827085 0.6568798 0.5730373 0.708261 0.1733583 0.7108968 0.6434828 0.3207825 0.7531634 0.6235098 0.7617892 0.6546305 0.8996555 0.8854118 0.2958278 0.2311147 0.8296513 -9999 -9999 -9999 -9999 -9999
0.6205943 0.7065138 0.03902933 0.3679252 0.4404406 0.2770318 0.02548596 0.2630101 0.8186349 0.869927 0.2356811 0.5866976 0.5983369 0.9027874 0.3737439 0.7233502 0.0612592 0.4314003 0.8246661 0.04477199 0.4249815 0.7320269 0.9973193 0.6741253 0.9847966 0.1375844 0.3432539 0.9100025 0.2125876 0.1902338 0.8637795 0.8731553 0.1252352 0.1728741 0.9178256 0.9383785 0.2350581 0.08204241 0.1430846 0.5140515 0.3947833 0.1047209 0.3029357 0.731836 0.849548 0.6615496 0.8716497 0.6090285 0.8084329 0.07894542 0.1703755 0.2460712 0.8480266 0.9526277 0.8664076 0.621717 0.4605213 0.2650499 0.6482348 0.5483526 0.05883993 0.3192371 0.8888708 0.3499763 0.7512942 0.5515308 0.1099649 0.8253332 0.1982739 -9999 -9999 -9999 -9999
0.9633406 0.397817 0.07123369 0.5962573 0.9398833 0.1061873 0.04414451 0.9701955 0.3214969 0.847864 0.02181423 0.2461234 0.8120779 0.5072361 0.05644412 0.6291164 0.1647323 0.01222573 0.03130539 0.2780613 0.1214732 0.6362905 0.9539521 0.1408618 0.8255739 0.8199564 0.8783402 0.3404245 0.2690779 0.8243824 0.5183533 0.9239268 0.3379649 0.529456 0.6152337 0.7878654 0.01747286 0.6889204 0.1214205 0.5913867 0.3200769 0.9550326 0.2632944 0.4703977 0.4986237 0.9852529 0.5453269 0.3649593 0.1071228 0.9434652 0.7581381 0.7724591 0.4716934 0.7082298 0.05295854 0.7390675 0.1341686 0.1005659 0.1449993 0.9019734 0.8308545 0.4437661 0.7082268 0.3949018 0.5689467 -9999 0.02404451 0.4294132 0.3631021 -9999 -9999 -9999 -9999
0.3038726 0.8411915 0.8053568 0.205323 0.8925535 0.3138131 0.04414633 0.990573 0.6643073 0.8610974 0.4238301 0.3133177 0.7236385 0.6411341 0.03897155 0.7754106 0.01582633 0.3548748 0.08577302 0.3932709 0.2910357 0.7092677 0.218765 0.8520346 0.68171 0.7280489 0.302027 0.7636105 0.705745 0.4726893 0.8674393 0.9911435 0.5079438 0.7359984 0.5924666 0.1023837 0.152253 0.2708839 0.1099717 0.01446139 0.7772807 0.116768 0.4625621 0.8925693 0.4275948 0.5861591 0.5139661 0.36505 0.3733037 0.473881 0.6299419 0.1173903 0.730417 0.05145708 0.9412161 0.9276216 0.1944885 0.4091517 0.5009553 0.2056264 0.7000399 0.7081673 0.6492672 0.09885129 0.8182657 -9999 0.8972346 0.2269262 0.7055202 -9999 -9999 -9999 -9999
0.4558613 0.2594471 0.1714848 0.1891532 0.7576083 0.2632986 0.8938512 0.6997445 0.6717601 0.07686895 0.9181504 0.2144942 0.6186059 0.1908628 0.01389183 0.6758355 0.7584401 0.7487708 0.2527241 0.1390712 0.1402445 0.6281689 0.2450072 0.4337499 0.1667756 0.01029827 0.5990415 0.09457511 0.4385595 0.2504262 0.1654519 0.8743438 0.03929139 0.8614895 0.6292294 0.1514177 0.325143 0.4235174 0.011928 0.544225 0.280475 0.2313376 0.6465182 0.0452937 0.5024562 0.4930618 0.1873972 0.987316 0.8770894 0.8918536 0.2180542 0.1537439 0.00914219 -9999 -9999 -9999 -9999 -9999 -9999 -9999 -9999 -9999 -9999 0.2147644 0.1669147 0.6223949 0.1589078 -9999 -9999 -9999 -9999 -9999 -9999
0.9797545 0.6015579 0.5254667 0.8201492 0.8924603 0.4591915 0.8868906 0.3480503 0.1602546 0.9793303 0.6957268 0.4530669 0.4866945 0.464435 0.1775126 0.01710478 0.7685285 0.7357803 0.3507083 0.7491109 0.4797298 0.3680743 0.4751835 0.445084 0.887561 0.6154834 0.8639846 0.84574 0.4131693 0.09156469 0.8708838 0.6543345 0.4492139 0.265603 0.866209 0.2771414 0.9470242 0.8378558 0.01345524 0.8490874 0.08578878 0.05620293 0.6591774 0.1070434 0.3362766 0.03670375 0.1486637 0.6732714 0.2315888 -9999 -9999 -9999 -9999 -9999 -9999 -9999 -9999 -9999 -9999 -9999 -9999 -9999 -9999 -9999 -9999 -9999 -9999 -9999 -9999 -9999 -9999 -9999 -9999
0.5369994 0.5937141 0.5728716 0.5814769 0.09281053 0.06053411 0.8343876 0.2769328 0.2568166 0.8344824 0.2270271 0.8947136 0.3737679 0.6608335 0.4910867 0.4625722 0.2826928 0.9658464 0.3051102 0.7694462 0.4401888 0.1704853 0.8564462 0.4311317 0.4538693 0.7111717 0.4782101 0.1942384 0.5884677 0.08006744 0.4151539 0.2909259 0.8070967 0.1973889 0.7809412 0.6569213 0.9101648 0.4282532 0.7693291 0.825318 0.3344481 0.5565549 0.181756 0.308656 0.1748191 0.0283742 0.3338356 -9999 -9999 -9999 -9999 -9999 -9999 -9999 -9999 -9999 -9999 -9999 -9999 -9999 -9999 -9999 -9999 -9999 -9999 -9999 -9999 -9999 -9999 -9999 -9999 -9999 -9999
0.4003674 0.4671332 0.4263505 0.860792 0.3711348 0.2582295 0.6953202 0.1616617 0.02442091 0.01134725 0.3824544 0.4866509 0.5508358 0.8091213 0.1155656 0.1633056 0.5664806 0.6361794 0.8943685 0.01747823 0.7450281 0.6508706 0.5838888 0.5298216 0.7505836 0.24215 0.989902 0.4336894 0.283828 0.4341199 0.8289046 0.8169426 0.05394105 0.2007267 0.9051159 0.7901627 0.4888069 0.253115 0.8070111 0.7837704 0.9960001 0.8621368 0.4358858 0.5365517 0.5870536 -9999 -9999 -9999 -9999 -9999 -9999 -9999 -9999 -9999 -9999 -9999 -9999 -9999 -9999 -9999 -9999 -9999 -9999 -9999 -9999 -9999 -9999 -9999 -9999 -9999 -9999 -9999 -9999
0.7377706 0.3983395 0.3742723 0.1176707 0.6049905 0.4193959 0.3217391 0.9601409 0.6845672 0.7899309 0.9620681 0.8951054 0.1739959 0.9114612 0.6323801 0.2424848 0.7312366 0.4933196 0.9951289 0.08814494 0.7132391 0.4269214 0.7082667 0.206993 0.1683749 0.8358144 0.2555668 0.4431043 0.6452745 0.1140079 0.4996019 0.8593802 0.8805721 0.7650852 0.5198789 0.9692379 0.4280561 0.8545948 0.2986297 0.3628312 0.2917252 0.8882257 -9999 -9999 -9999 -9999 -9999 -9999 -9999 -9999 -9999 -9999 -9999 -9999 -9999 -9999 -9999 -9999 -9999 -9999 -9999 -9999 -9999 -9999 -9999 -9999 -9999 -9999 -9999 -9999 -9999 -9999 -9999
0.6854736 0.4715615 0.9152642 0.9774947 0.191715 0.6797577 0.1997025 0.04868206 0.7343833 0.07268242 0.5458061 0.8170707 0.3239659 0.8847882 0.7115067 0.2346193 0.7508119 0.4413626 0.7230009 0.5175841 0.1683838 0.1079921 0.241205 0.4651221 0.6960405 0.3689305 0.9789915 0.3130513 0.3538521 0.09687471 0.9817066 0.6852663 0.6419454 0.07664621 0.5834692 0.2053109 0.0768811 0.845279 0.8517507 0.3306063 -9999 -9999 -9999 -9999 -9999 -9999 -9999 -9999 -9999 -9999 -9999 -9999 -9999 -9999 -9999 -9999 -9999 -9999 -9999 -9999 -9999 -9999 -9999 -9999 -9999 -9999 -9999 -9999 -9999 -9999 -9999 -9999 -9999
0.01311885 0.8826433 0.361349 0.1104967 0.6191695 0.9862443 0.02994036 0.7511704 0.2378483 0.418186 0.1325489 0.06834509 0.2905505 0.1608495 0.4806228 0.5406252 0.548174 0.2220824 0.9974418 0.4534541 0.0005040488 0.273139 0.6285177 0.007756523 0.07325412 0.1811505 0.7559011 0.3543628 0.7552634 0.7486271 0.178894 0.3667137 0.1983501 0.9724913 0.7236692 0.9643468 0.3523214 0.1351423 -9999 -9999 -9999 -9999 -9999 -9999 -9999 -9999 -9999 -9999 -9999 -9999 -9999 -9999 -9999 -9999 -9999 -9999 -9999 -9999 -9999 -9999 -9999 -9999 -9999 -9999 -9999 -9999 -9999 -9999 -9999 -9999 -9999 -9999 -9999
0.39778 0.9152801 0.1864713 0.8674831 0.2754723 0.4133942 0.8324276 0.25688 0.5457768 0.2449125 0.9871275 0.7686085 0.679989 0.001243638 0.3675406 0.4249018 0.4603935 0.3200763 0.9148335 0.2714454 0.09281342 0.5282012 0.7369977 0.498716 0.3074398 0.006989865 0.8210068 0.4422246 0.2604437 0.8430293 0.8270065 0.5241677 0.0488679 0.3264129 0.2770354 0.1989835 -9999 -9999 -9999 -9999 -9999 -9999 -9999 -9999 -9999 -9999 -9999 -9999 -9999 -9999 -9999 -9999 -9999 -9999 -9999 -9999 -9999 -9999 -9999 -9999 -9999 -9999 -9999 -9999 -9999 -9999 -9999 -9999 -9999 -9999 -9999 -9999 -9999
0.3718832 0.9034494 0.3991486 0.4353287 0.1888393 0.07589361 0.6444326 0.4845299 0.4543494 0.6055478 0.7558718 0.2969131 0.194141 0.241509 0.6208649 0.5554817 0.3687708 0.8714999 0.635493 0.819292 0.2644949 0.001606035 0.3707789 0.02076758 0.07554322 0.09929279 0.3366037 0.607545 0.7403018 0.6122044 0.4057787 0.641351 0.09390033 0.475244 -9999 -9999 -9999 -9999 -9999 -9999 -9999 -9999 -9999 -9999 -9999 -9999 -9999 -9999 -9999 -9999 -9999 -9999 -9999 -9999 -9999 -9999 -9999 -9999 -9999 -9999 -9999 -9999 -9999 -9999 -9999 -9999 -9999 -9999 -9999 -9999 -9999 -9999 -9999
0.9286114 0.5015898 0.6974309 0.4334362 0.5508388 0.9737558 0.0439187 0.4151517 0.7995992 0.2944907 0.8697459 0.8104829 0.6380624 0.3922013 0.3941938 0.2725452 0.4154612 0.9870576 0.6309313 0.6911634 0.9620615 0.3177997 0.484939 0.1325692 0.8911647 0.4349501 0.5877144 0.2517547 0.4206406 0.1229339 0.683258 0.7399822 0.02649168 -9999 -9999 -9999 -9999 -9999 -9999 -9999 -9999 -9999 -9999 -9999 -9999 -9999 -9999 -9999 -9999 -9999 -9999 -9999 -9999 -9999 -9999 -9999 -9999 -9999 -9999 -9999 -9999 -9999 -9999 -9999 -9999 -9999 -9999 -9999 -9999 -9999 -9999 -9999 -9999
0.8281146 0.3969013 0.9727139 0.9763112 0.3562395 0.5925644 0.2809713 0.320348 0.5454596 0.6671541 0.3637525 0.8120572 0.07569989 0.540597 0.8265576 0.05203724 0.1792687 0.3973004 0.0642089 0.4191609 0.8188364 0.9608102 0.5735945 0.03468708 0.15057 0.8505008 0.207819 0.3396528 0.8349243 0.3327954 0.43426 0.09804756 -9999 -9999 -9999 -9999 -9999 -9999 -9999 -9999 -9999 -9999 -9999 -9999 -9999 -9999 -9999 -9999 -9999 -9999 -9999 -9999 -9999 -9999 -9999 -9999 -9999 -9999 -9999 -9999 -9999 -9999 -9999 -9999 -9999 -9999 -9999 -9999 -9999 -9999 -9999 -9999 -9999
0.5879911 0.09680974 0.6389446 0.8770754 0.5492258 0.6484774 0.06269503 0.7905625 0.646812 0.7207431 0.1888717 0.7488275 0.3077793 0.3691115 0.8287282 0.4026282 0.1439258 0.5623108 0.6395416 0.830228 0.3573361 0.7587084 0.8289582 0.6860771 0.8216799 0.142883 0.8163708 0.6659011 0.651792 0.08485365 0.1638262 0.3506946 -9999 -9999 -9999 -9999 -9999 -9999 -9999 -9999 -9999 -9999 -9999 -9999 -9999 -9999 -9999 -9999 -9999 -9999 -9999 -9999 -9999 -9999 -9999 -9999 -9999 -9999 -9999 -9999 -9999 -9999 -9999 -9999 -9999 -9999 -9999 -9999 -9999 -9999 -9999 -9999 -9999
0.6127074 0.4033577 0.2170142 0.3770237 0.1973631 0.2050464 0.9573286 0.4607348 0.2648813 0.607959 0.8903047 0.1082746 0.8725903 0.7510085 0.4323789 0.925544 0.6784195 0.6058259 0.7896754 0.1491351 0.5466123 0.8744653 0.1828602 0.03036513 0.7823456 0.4378901 0.1071505 0.0513402 0.05775466 0.1677403 0.1899811 0.2855514 -9999 -9999 -9999 -9999 -9999 -9999 -9999 -9999 -9999 -9999 -9999 -9999 -9999 -9999 -9999 -9999 -9999 -9999 -9999 -9999 -9999 -9999 -9999 -9999 -9999 -9999 -9999 -9999 -9999 -9999 -9999 -9999 -9999 -9999 -9999 -9999 -9999 -9999 -9999 -9999 -9999
0.9377016 0.06910618 0.6995528 0.7098081 0.9283918 0.1430725 0.3295686 0.3696689 0.08818971 0.2594927 0.123642 0.9158008 0.4904186 0.5800345 0.4218275 0.9546728 0.4076968 0.325463 0.6229717 0.7745323 0.2311271 0.3422911 0.8246058 0.4686951 0.7840174 0.673336 0.8886198 0.4689936 0.3426329 0.1946817 0.7452171 -9999 -9999 -9999 -9999 -9999 -9999 -9999 -9999 -9999 -9999 -9999 -9999 -9999 -9999 -9999 -9999 -9999 -9999 -9999 -9999 -9999 -9999 -9999 -9999 -9999 -9999 -9999 -9999 -9999 -9999 -9999 -9999 -9999 -9999 -9999 -9999 -9999 -9999 -9999 -9999 -9999 -9999
0.5569674 0.302064 0.9064085 0.5990664 0.7742497 0.3849601 0.7364434 0.7726994 0.935509 0.1032553 0.0841118 0.191107 0.4696784 0.6515803 0.4742102 0.1034929 0.8461115 0.8100913 0.8397534 0.1220522 0.6236548 0.1683467 0.2995627 0.8540512 0.7223762 0.618716 0.3147595 0.8346891 0.4804494 0.4318185 -9999 -9999 -9999 -9999 -9999 -9999 -9999 -9999 -9999 -9999 -9999 -9999 -9999 -9999 -9999 -9999 -9999 -9999 -9999 -9999 -9999 -9999 -9999 -9999 -9999 -9999 -9999 -9999 -9999 -9999 -9999 -9999 -9999 -9999 -9999 -9999 -9999 -9999 -9999 -9999 -9999 -9999 -9999
0.01918299 0.5082422 0.319006 0.1662631 0.1299059 0.6858139 0.04298564 0.648397 0.9656444 0.4414319 0.8255041 0.01354189 0.8771797 0.1836133 0.3389445 0.5021619 0.9496225 0.7611976 0.6805713 0.5026857 0.5133992 0.5358574 0.1510941 0.7900319 0.01851899 0.0522637 0.1777639 0.5180405 0.08462321 0.8684084 -9999 -9999 -9999 -9999 -9999 -9999 -9999 -9999 -9999 -9999 -9999 -9999 -9999 -9999 -9999 -9999 -9999 -9999 -9999 -9999 -9999 -9999 -9999 -9999 -9999 -9999 -9999 -9999 -9999 -9999 -9999 -9999 -9999 -9999 -9999 -9999 -9999 -9999 -9999 -9999 -9999 -9999 -9999
0.3761432 0.8605841 0.5965144 0.5615179 0.9960319 0.717784 0.4448285 0.08275868 0.2844739 0.2880957 0.4340304 0.2905728 0.7486115 0.5604536 0.04694724 0.1602915 0.7908655 0.6013831 0.8722565 0.8846077 0.5919926 0.6831746 0.950433 0.4568274 0.06054776 0.650338 0.09235273 0.2736534 0.9112536 0.3368397 -9999 -9999 -9999 -9999 -9999 -9999 -9999 -9999 -9999 -9999 -9999 -9999 -9999 -9999 -9999 -9999 -9999 -9999 -9999 -9999 -9999 -9999 -9999 -9999 -9999 -9999 -9999 -9999 -9999 -9999 -9999 -9999 -9999 -9999 -9999 -9999 -9999 -9999 -9999 -9999 -9999 -9999 -9999
0.4601531 0.8198997 0.4889165 0.6042167 0.02177964 0.6097268 0.9283059 0.6749127 0.4982901 0.1207712 0.6854193 0.4933443 0.05485042 0.127112 0.4234772 0.0551255 0.2636851 0.7331663 0.5546776 0.8928729 0.1599858 0.8426824 0.2355576 0.9455906 0.8798504 0.06914105 0.4756358 0.7757106 0.1927538 0.1500614 -9999 -9999 -9999 -9999 -9999 -9999 -9999 -9999 -9999 -9999 -9999 -9999 -9999 -9999 -9999 -9999 -9999 -9999 -9999 -9999 -9999 -9999 -9999 -9999 -9999 -9999 -9999 -9999 -9999 -9999 -9999 -9999 -9999 -9999 -9999 -9999 -9999 -9999 -9999 -9999 -9999 -9999 -9999
0.4911039 0.9110005 0.6777591 0.8724952 0.8628538 0.415848 0.4989481 0.4591566 0.7714141 0.2769991 0.28988 0.5358424 0.7562984 0.2501653 0.08473536 0.1949417 0.1081343 0.2671597 0.323716 0.7773329 0.3513291 0.9214931 0.1579763 0.9849328 0.8868924 0.4110003 0.5709616 0.9815264 0.3579144 0.249999 -9999 -9999 -9999 -9999 -9999 -9999 -9999 -9999 -9999 -9999 -9999 -9999 -9999 -9999 -9999 -9999 -9999 -9999 -9999 -9999 -9999 -9999 -9999 -9999 -9999 -9999 -9999 -9999 -9999 -9999 -9999 -9999 -9999 -9999 -9999 -9999 -9999 -9999 -9999 -9999 -9999 -9999 -9999
0.2446195 0.4733832 0.2407268 0.4158085 0.9906219 0.2764403 0.7383444 0.8938211 0.3822891 0.2998462 0.8294005 0.4168233 0.767641 0.6901398 0.8884725 0.8660112 0.1418681 0.1589385 0.4384077 0.7449105 0.5762872 0.114042 0.3156061 0.5702457 0.6980773 0.325692 0.1673349 0.4542158 0.03329758 0.6904884 0.5935746 -9999 -9999 -9999 -9999 -9999 -9999 -9999 -9999 -9999 -9999 -9999 -9999 -9999 -9999 -9999 -9999 -9999 -9999 -9999 -9999 -9999 -9999 -9999 -9999 -9999 -9999 -9999 -9999 -9999 -9999 -9999 -9999 -9999 -9999 -9999 -9999 -9999 -9999 -9999 -9999 -9999 -9999
0.2802546 0.1406787 0.7600451 0.6210772 0.8831921 0.4507716 0.5949381 0.06714191 0.4739341 0.6361113 0.6443263 0.6687922 0.7049931 0.2263276 0.1158752 0.4165419 0.4852446 0.3117954 0.6119188 0.1244675 0.2028274 0.7147774 0.1590007 0.5251786 0.4519502 0.08634797 0.1475714 0.5718202 0.3261044 0.7415984 -9999 -9999 -9999 -9999 -9999 -9999 -9999 -9999 -9999 -9999 -9999 -9999 -9999 -9999 -9999 -9999 -9999 -9999 -9999 -9999 -9999 -9999 -9999 -9999 -9999 -9999 -9999 -9999 -9999 -9999 -9999 -9999 -9999 -9999 -9999 -9999 -9999 -9999 -9999 -9999 -9999 -9999 -9999
0.4504822 0.3104194 0.511913 0.01010905 0.7797052 0.8980479 0.3557811 0.9376938 0.6180533 0.3292759 0.7676737 0.9060124 0.3409431 0.2720881 0.2918383 0.4817086 0.5206452 0.4374537 0.02496719 0.9713095 0.4314104 0.01316348 0.7795268 0.5992042 0.3241287 0.9765744 0.04786972 0.9707786 0.7830179 0.3487596 -9999 -9999 -9999 -9999 -9999 -9999 -9999 -9999 -9999 -9999 -9999 -9999 -9999 -9999 -9999 -9999 -9999 -9999 -9999 -9999 -9999 -9999 -9999 -9999 -9999 -9999 -9999 -9999 -9999 -9999 -9999 -9999 -9999 -9999 -9999 -9999 -9999 -9999 -9999 -9999 -9999 -9999 -9999
0.5014338 0.8799179 0.8118731 0.6236346 0.8652605 0.4298601 0.08344577 0.4210358 0.5668763 0.04951812 0.171173 0.9248567 0.05154122 0.6037801 0.7360511 0.7457208 0.3864789 0.1812434 0.6593068 0.61652 0.7396361 0.1540288 0.9371721 0.7979327 0.9560989 0.8821265 0.829566 0.1597222 0.794665 -9999 -9999 -9999 -9999 -9999 -9999 -9999 -9999 -9999 -9999 -9999 -9999 -9999 -9999 -9999 -9999 -9999 -9999 -9999 -9999 -9999 -9999 -9999 -9999 -9999 -9999 -9999 -9999 -9999 -9999 -9999 -9999 -9999 -9999 -9999 -9999 -9999 -9999 -9999 -9999 -9999 -9999 -9999 -9999
0.7472061 0.0454241 0.350872 0.8060009 0.6701108 0.5982884 0.9500743 0.9533245 0.3416574 0.9109142 0.01729053 0.7932274 0.0985586 0.3114654 0.8570758 0.05100657 0.8883213 0.3530971 0.9776747 0.7400602 0.4286704 0.5661523 0.955523 0.7676006 0.1052535 0.6830156 0.8192817 0.1692732 0.4201279 -9999 -9999 -9999 -9999 -9999 -9999 -9999 -9999 -9999 -9999 -9999 -9999 -9999 -9999 -9999 -9999 -9999 -9999 -9999 -9999 -9999 -9999 -9999 -9999 -9999 -9999 -9999 -9999 -9999 -9999 -9999 -9999 -9999 -9999 -9999 -9999 -9999 -9999 -9999 -9999 -9999 -9999 -9999 -9999
0.314947 0.1320949 0.07491495 0.6631416 0.03708848 0.5167515 0.01152294 0.3138507 0.2484297 0.4096916 0.8379334 0.9791266 0.782254 0.6148825 0.8286912 0.8221361 0.5931981 0.9059727 0.851984 0.6428415 0.3824956 0.05290231 0.6452779 0.7971891 0.1646283 0.4617966 0.9386076 -9999 -9999 -9999 -9999 -9999 -9999 -9999 -9999 -9999 -9999 -9999 -9999 -9999 -9999 -9999 -9999 -9999 -9999 -9999 -9999 -9999 -9999 -9999 -9999 -9999 -9999 -9999 -9999 -9999 -9999 -9999 -9999 -9999 -9999 -9999 -9999 -9999 -9999 -9999 -9999 -9999 -9999 -9999 -9999 -9999 -9999
0.1530767 0.6540142 0.6592236 0.1469971 0.6216508 0.1832592 0.6922966 0.5852725 0.2693509 0.522251 0.3812952 0.1791947 0.2494717 0.4792181 0.8773243 0.5569157 0.4714875 0.4969258 0.4881813 0.5745079 0.8678982 0.1138576 0.8221549 0.3650365 0.6181062 0.7418034 -9999 -9999 -9999 -9999 -9999 -9999 -9999 -9999 -9999 -9999 -9999 -9999 -9999 -9999 -9999 -9999 -9999 -9999 -9999 -9999 -9999 -9999 -9999 -9999 -9999 -9999 -9999 -9999 -9999 -9999 -9999 -9999 -9999 -9999 -9999 -9999 -9999 -9999 -9999 -9999 -9999 -9999 -9999 -9999 -9999 -9999 -9999
0.1240432 0.6739374 0.2164416 0.3733233 0.7975212 0.5911379 0.3174119 0.6310036 0.8762617 0.7690818 0.9769598 0.593924 0.502531 0.3041484 0.1901729 0.3589597 0.4090647 0.2085648 0.2404841 0.694815 0.9564214 0.356939 0.246791 0.55301 0.2054922 -9999 -9999 -9999 -9999 -9999 -9999 -9999 -9999 -9999 -9999 -9999 -9999 -9999 -9999 -9999 -9999 -9999 -9999 -9999 -9999 -9999 -9999 -9999 -9999 -9999 -9999 -9999 -9999 -9999 -9999 -9999 -9999 -9999 -9999 -9999 -9999 -9999 -9999 -9999 -9999 -9999 -9999 -9999 -9999 -9999 -9999 -9999 -9999
0.7273315 0.5066972 0.1272887 0.8660218 0.9785488 0.8145348 0.3008434 0.6181585 0.1648351 0.1660686 0.6495836 0.5493465 0.3335201 0.135785 0.3350436 0.6471968 0.8446323 0.65573 0.2973984 0.4820991 0.07329073 0.9512999 0.1316847 0.09027885 -9999 -9999 -9999 -9999 -9999 -9999 -9999 -9999 -9999 -9999 -9999 -9999 -9999 -9999 -9999 -9999 -9999 -9999 -9999 -9999 -9999 -9999 -9999 -9999 -9999 -9999 -9999 -9999 -9999 -9999 -9999 -9999 -9999 -9999 -9999 -9999 -9999 -9999 -9999 -9999 -9999 -9999 -9999 -9999 -9999 -9999 -9999 -9999 -9999
