data/testdata0.asc
ncols         279
nrows         271
xllcorner     166
yllcorner     -47.6
cellsize      0.05
NODATA_value  -9999
[rows 224 to 255 of 271, columns 0 to 72 of 279]
-9999 -9999 -9999 -9999 -9999 -9999 -9999 -9999 -9999 -9999 -9999 -9999 -9999 -9999 -9999 -9999 -9999 -9999 0.9425554 0.6769916 0.5750239 0.6330978 -9999 0.02088921 0.8766127 0.7445174 0.2072637 0.1369297 0.3517619 0.002388004 0.1017803 0.8973294 0.1770205 0.3434172 0.05322433 0.07678553 0.7040626 0.5038882 0.5816126 0.5070176 0.1796582 0.8714668 0.5748358 0.1414642 0.6726747 0.9034141 0.7488641 0.5926371 0.520611 0.1737057 0.658733 0.7046306 0.6081612 0.111557 0.07281119 0.7232875 0.7903103 0.4938549 0.5228494 0.6265218 0.7724619 0.7539957 0.8423104 0.1772967 0.7600955 0.1696294 0.5054802 0.2617598 0.1904565 0.9918097 0.5798608 0.07503364 0.8587767
-9999 -9999 -9999 -9999 -9999 -9999 -9999 -9999 -9999 -9999 -9999 -9999 -9999 -9999 -9999 -9999 0.1336505 0.4883847 0.2105269 -9999 0.278538 0.2424982 0.6141516 -9999 0.1718534 0.3757624 0.9910449 0.5972145 0.04929255 0.9574417 0.3885863 0.4749349 0.563925 0.7302167 0.8424517 0.3020064 0.3665161 0.2403109 0.9354516 0.6980245 0.4085058 0.7371494 0.2352748 0.2515332 0.530143 0.1550478 0.6736394 0.7224172 0.8962772 0.4894332 0.9293487 0.6700763 0.8423049 0.8800961 0.8777546 0.3198798 0.6927742 0.7139739 0.1691267 0.4804034 0.1151433 0.05996448 0.9984274 0.3239464 0.5711977 0.748273 0.1289939 0.8428309 0.4286218 0.406788 0.2326258 0.7939814 0.2952274
-9999 -9999 -9999 -9999 -9999 -9999 -9999 -9999 -9999 -9999 -9999 -9999 -9999 -9999 -9999 -9999 0.1506624 0.07941207 0.5162053 0.09413318 -9999 -9999 0.4411722 0.7775882 0.75096 0.6650305 0.2736541 0.3941717 0.4850761 0.5126123 0.3067617 0.03114955 0.3591419 0.3291498 0.2838775 0.6913304 0.1084907 0.298703 0.08346993 0.3128407 0.4103048 0.4152837 0.04843935 0.04280674 0.5899138 0.8444278 0.2724947 0.8274422 0.8153754 0.507424 0.1560619 0.3810425 0.592836 0.4506979 0.5442233 0.5963851 0.3751734 0.5628538 0.7591882 0.4590361 0.0964211 0.2018714 0.839795 0.5280632 0.444473 0.2949597 0.3005443 0.04565497 0.6845697 0.4735664 0.7226634 0.7381458 0.8460664
-9999 -9999 -9999 -9999 -9999 -9999 -9999 -9999 -9999 -9999 -9999 -9999 -9999 -9999 -9999 0.8816336 0.4399981 -9999 -9999 0.2052952 0.71077 0.4143894 -9999 0.3894221 0.1803153 0.3399433 0.9405679 0.5033856 0.9779685 0.9828404 0.9566606 0.5143383 0.8021711 0.1133414 0.1026337 0.5696848 0.08477832 0.8109876 0.09681872 0.4865838 0.7217719 0.9873056 0.742401 0.7609813 0.4328794 0.459294 0.31243 0.4086749 0.8125994 0.3861905 0.5324848 0.9509096 0.1351334 0.8820214 0.723497 0.8570047 0.9757234 0.6164308 0.6672286 0.7565122 0.7108961 0.2162928 0.7569073 0.7334058 0.9601137 0.2806036 0.9955171 0.01480217 0.03132991 0.8211553 0.4042457 0.3667126 0.4329534
-9999 -9999 -9999 -9999 -9999 -9999 -9999 -9999 -9999 -9999 -9999 -9999 -9999 -9999 0.4310716 0.06818203 0.3377184 0.5641622 0.1114371 0.9264146 0.3827954 -9999 0.3035983 0.1105221 0.5255947 0.2310472 0.296676 0.003310224 0.4250567 0.684719 0.1627042 0.8485621 0.641321 0.1208633 0.6074598 0.8665162 0.09788486 0.456046 0.6220748 0.654502 0.6257924 0.2403931 0.7479281 0.4352298 0.9023556 0.3531476 0.7673197 0.7152391 0.09690598 0.764632 0.6324257 0.9160015 0.5360779 0.4271178 0.4450346 0.5401805 0.7011231 0.3571008 0.2995649 0.4355479 0.8697563 0.9714825 0.801864 0.7190555 0.7150323 0.7401582 0.07628818 0.9235641 0.1737539 0.2175113 0.07356393 0.9297282 0.8969114
-9999 -9999 -9999 -9999 -9999 -9999 -9999 -9999 -9999 -9999 -9999 -9999 -9999 -9999 0.3069087 0.4255619 0.2769502 -9999 -9999 0.1637389 0.6349524 0.5059735 0.1009906 0.02525164 0.3838986 0.687695 0.2762423 0.8109089 0.946237 0.8804566 0.3358572 0.7992571 0.5912328 0.6250802 0.2894951 0.8395975 0.9488843 0.9619759 0.1878466 0.1207853 0.1839949 0.2800188 0.02522123 0.4283096 0.3929018 0.4349569 0.02104128 0.7021548 0.7853612 0.4498511 0.3427424 0.7079428 0.2140883 0.1100455 0.3325802 0.6338577 0.6144556 0.7651696 0.300843 0.4258497 0.9168457 0.6506711 0.9479713 0.6736225 0.9941617 0.04138092 0.478083 0.8599004 0.2069925 0.5496085 0.4664046 0.7854769 0.1089355
-9999 -9999 -9999 -9999 -9999 -9999 -9999 -9999 -9999 -9999 -9999 -9999 -9999 -9999 0.473385 -9999 0.5795992 0.2722252 0.658726 0.3808409 0.3460049 0.8956868 0.2169119 0.9615341 0.1347007 0.6470977 0.543074 0.4360406 0.2786914 0.7238999 0.4977516 0.8429049 0.3616687 0.6718174 0.4588944 0.07932951 0.803216 0.5472094 0.8933957 0.5732939 0.9947945 0.1145805 0.7606567 0.64708 0.7990114 0.6417461 0.06068187 0.6347036 0.224668 0.8551553 0.8392068 0.8157524 0.09009038 0.6178691 0.9623557 0.2281303 0.4872403 0.8926951 0.9733307 0.4222073 0.8591082 0.5529786 0.3436334 0.2188769 0.5028866 0.6035501 0.431316 0.5340183 0.3114254 0.3743283 0.4587648 0.3318658 0.5654682
-9999 -9999 -9999 -9999 -9999 -9999 -9999 -9999 -9999 -9999 -9999 -9999 0.8189976 0.8243811 -9999 0.8599973 0.4762044 0.4480467 0.006727802 0.4733405 0.4725712 0.1709837 0.6333845 0.1471947 0.900903 0.2100017 0.5059162 0.2681154 0.6902015 0.6695594 0.1758604 0.2461722 0.6684095 0.2558763 0.06012619 0.6216378 0.5665615 0.6043258 0.5017856 0.5662088 0.0268396 0.0326081 0.2410206 0.0912579 0.6770373 0.532206 0.8587265 0.2756166 0.3339279 0.8106209 0.755272 0.8253903 0.3980404 0.1968904 0.2269152 0.2783034 0.5023408 0.2228874 0.2023756 0.1650765 0.4773201 0.6928997 0.2020626 0.440335 0.6949887 0.05399174 0.08246079 0.4955477 0.8542762 0.879647 0.1281704 0.0664982 0.2703387
-9999 -9999 -9999 -9999 -9999 -9999 -9999 -9999 -9999 -9999 0.4847174 0.7649108 0.7164781 0.7580347 -9999 0.02310238 0.06734873 0.5733277 0.9365972 0.04865707 0.1742955 0.3124879 0.3030354 0.6734469 0.9725955 0.6448279 0.5941037 0.3144421 0.477924 0.2140406 0.1437224 0.3001271 0.2407012 0.5368812 0.3167721 0.8570732 0.7574678 0.2182547 0.8286736 0.3191664 0.1517944 0.5452105 0.3657491 0.1219927 0.4372202 0.5223424 0.3188648 0.144879 0.6747243 0.4110955 0.4428549 0.9630901 0.3372269 0.8354788 0.2542265 0.5726826 0.1936232 0.5166848 0.9796462 0.1505145 0.0248476 0.6991144 0.8677073 0.4119112 0.4844693 0.3303089 0.6764787 0.1284875 0.4163193 0.05728767 0.1493353 0.3686269 0.9416488
-9999 -9999 -9999 -9999 -9999 -9999 -9999 -9999 -9999 0.1847884 -9999 -9999 0.9475619 0.7260798 -9999 -9999 -9999 -9999 -9999 0.5439615 0.9801282 0.481676 0.7687778 0.6753189 0.5153474 0.7177648 0.3216278 0.3870356 0.3234915 0.4060128 0.9643682 0.9192515 0.7765937 0.7967604 0.3957306 0.550391 0.1931135 0.6055125 0.22828 0.1589301 0.4456028 0.1235334 0.4183467 0.9609457 0.7285282 0.7854745 0.5123641 0.2359454 0.04874948 0.5065323 0.7721131 0.853479 0.001154365 0.1016377 0.2413719 0.413031 0.3919496 0.09917671 0.8164734 0.8096942 0.272108 0.2617427 0.3832675 0.03812528 0.9434724 0.1264194 0.08299052 0.04728072 0.500015 0.877095 0.7695405 0.4584345 0.4667534
-9999 -9999 -9999 -9999 -9999 -9999 -9999 -9999 -9999 -9999 -9999 -9999 -9999 0.819941 -9999 0.7264396 0.9455142 0.8486792 0.9005369 0.9167848 0.8540552 0.04560989 0.1871004 0.8817472 0.8569793 0.3560694 0.3109177 0.9231467 0.688094 0.07904691 0.3339902 0.5154257 0.3892666 0.7404758 0.7348991 0.6262061 0.1260978 0.3766806 0.1795582 0.1032518 0.2418771 0.7904804 0.3114963 0.1903383 0.3623187 0.3424492 0.8741722 0.2345275 0.3635794 0.8398311 0.4778202 0.6473501 0.01605746 0.08561321 0.3233269 0.1823928 0.1164723 0.6502541 0.1956398 0.5917928 0.9207263 0.4285681 0.03920646 0.7241381 0.690047 0.5442669 0.4279451 0.1262741 0.1629112 0.1646564 0.2422469 0.2115165 0.7652498
-9999 -9999 -9999 -9999 -9999 -9999 -9999 -9999 -9999 -9999 0.4740118 -9999 0.4869642 0.879269 0.4639191 0.08296934 0.6281677 0.05817771 0.7803107 0.9392002 0.9190239 0.2781867 0.05036183 0.08340765 0.1997587 0.6703357 0.3635435 0.3885212 0.01569182 0.08803054 0.07069417 0.271248 0.144824 0.4891236 0.805749 0.9354806 0.5043316 0.6187751 0.292624 0.1977369 0.4984666 0.8055954 0.4997572 0.2071307 0.8703634 0.683569 0.7048063 0.3723732 0.120252 0.6522597 0.03200157 0.8083069 0.5525767 0.8877969 0.02465604 0.6144697 0.01452157 0.7171431 0.8153314 0.2981905 0.3884424 0.1681427 0.4561603 0.6547165 0.9007042 0.5078521 0.9718247 0.416871 0.3094256 0.5816512 0.697691 0.9867431 0.03362928
-9999 -9999 -9999 -9999 -9999 -9999 -9999 -9999 -9999 0.8028119 0.5524488 0.6196912 0.3210733 0.1788333 0.245779 0.7877834 0.02155062 0.1636642 0.9008801 0.6215073 0.9836307 0.6967282 0.04724435 0.5088723 0.1443451 0.3651692 0.05806842 0.200085 0.3499818 0.7009705 0.4112395 0.6300602 0.8846487 0.1694805 0.3136027 0.3385861 0.1433703 0.9118439 0.5010105 0.05064678 0.7622139 0.3038397 0.02665208 0.9794009 0.5179483 0.3936258 0.8501651 0.4143164 0.3097328 0.2808886 0.040028 0.1569612 0.5353383 0.4999006 0.4017343 0.3669508 0.1743991 0.4689822 0.3442472 0.3805517 0.8911961 0.06887167 0.797236 0.06444122 0.4694713 0.4125004 0.9915938 0.2671235 0.8917733 0.8686742 0.9157364 0.9305015 0.3758346
-9999 -9999 -9999 -9999 -9999 -9999 -9999 -9999 -9999 0.2732359 0.6059336 0.4679237 0.04372545 0.6889896 0.1581458 0.505021 0.1746743 0.4646821 0.9337819 0.1423759 0.4266745 0.4210276 0.2710388 0.453884 0.04329539 0.9542557 0.9502672 0.2004067 0.7958317 0.6623327 0.8270283 0.707945 0.07925034 0.6782131 0.5315568 0.9840952 0.9807945 0.02262317 0.29713 0.8852842 0.883743 0.2888752 0.9798434 0.1472881 0.1688266 0.9722131 0.3322917 0.09153035 0.5757997 0.7561898 0.5936576 0.8196622 0.7876698 0.06857473 0.458705 0.7089239 0.8000813 0.2192941 0.4881803 0.02078705 0.6383572 0.4329009 0.02311827 0.4353789 0.984696 0.08807743 0.6655554 0.324187 0.2780253 0.4766679 0.388149 0.5735458 0.8490117
-9999 -9999 -9999 -9999 -9999 -9999 -9999 -9999 -9999 0.5867159 0.7301227 0.7115631 -9999 -9999 -9999 0.4592263 -9999 -9999 0.8829373 0.3599305 0.7670937 0.03366446 0.9093423 0.5500597 0.3447168 0.03188899 0.3877656 0.5432103 0.882316 0.3721808 0.4149218 0.4491857 0.4963892 0.1292861 0.4228075 0.634396 0.765791 0.4232543 0.4611709 0.8861651 0.5161563 0.2966354 0.6870147 0.1434438 0.3426056 0.06433381 0.3736284 0.8564281 0.683231 0.6986175 0.7516534 0.03758552 0.2558643 0.8117845 0.9946785 0.06658617 0.6706252 0.7989851 0.6618667 0.3116408 0.03075175 0.7036999 0.9101138 0.6297451 0.3342118 0.3683756 0.7882373 0.8083298 0.4885952 0.4327147 0.9256975 0.01081733 0.7517879
-9999 -9999 -9999 -9999 -9999 -9999 -9999 -9999 -9999 -9999 -9999 -9999 0.9839808 0.5530313 -9999 0.04925541 0.1439874 0.5024513 0.6849909 0.4902977 0.2700138 0.9423229 0.5872146 0.4319659 0.2897951 0.8624963 0.5074518 0.5394716 0.08396295 0.1106857 0.7152271 0.124099 0.5409765 0.2550189 0.5285423 0.8358315 0.4284604 0.4348667 0.4293548 0.1255099 0.1434496 0.01245472 0.4642125 0.7890224 0.4040388 0.8377556 0.4925447 0.9060244 0.9449397 0.9391632 0.8451095 0.4856913 0.2794435 0.4524473 0.9550974 0.1320013 0.5902905 0.6004902 0.5243905 0.04104984 0.8119453 0.5363041 0.7874795 0.6428953 0.966778 0.8618301 0.4355348 0.2004363 0.8176528 0.6350183 0.7631361 0.6778194 0.8994218
-9999 -9999 -9999 -9999 -9999 -9999 -9999 -9999 -9999 -9999 -9999 0.6001406 -9999 -9999 -9999 0.4072069 0.7054081 0.7628671 0.08840272 0.2849029 0.6738407 0.7343671 0.1354024 0.3123844 0.6024157 0.3050874 0.4383061 0.3057612 0.9036288 0.4502335 0.9815165 0.6992001 0.7879035 0.9550846 0.1646736 0.961185 0.5109054 0.7472692 0.8956726 0.1084331 0.2653884 0.4829468 0.3594624 0.8799663 0.03007124 0.4493955 0.2751257 0.133841 0.6880459 0.8465065 0.4537407 0.02903161 0.7272168 0.509684 0.4695233 0.5549725 0.835272 0.1366525 0.256751 0.9712547 0.7016844 0.08066919 0.444968 0.7199797 0.3392459 0.7726431 0.2449717 0.3732692 0.2376309 0.8346608 0.69808 0.1784309 0.6614926
-9999 -9999 -9999 -9999 -9999 -9999 -9999 -9999 -9999 -9999 -9999 -9999 0.8884581 -9999 0.8078373 0.7816525 0.2050214 0.3070709 0.06576604 0.9969872 0.9476889 0.6734269 0.1516949 0.4809069 0.5379931 0.2190243 0.930554 0.03374756 0.4640103 0.8038381 0.2934119 0.7971078 0.0599013 0.1907514 0.6342819 0.100773 0.1956087 0.09755772 0.8933353 0.04792026 0.4392106 0.768494 0.2290204 0.6511046 0.2544302 0.377805 0.3815876 0.3315269 0.7958017 0.5778394 0.7905216 0.5940824 0.863993 0.5041763 0.5283789 0.6906906 0.5837838 0.5502835 0.113532 0.08440736 0.3672005 0.2242071 0.2643199 0.5268166 0.7243072 0.3997924 0.6571046 0.5612047 0.4841529 0.2749353 0.7507342 0.2640154 0.9883754
-9999 -9999 -9999 -9999 -9999 -9999 -9999 -9999 -9999 -9999 -9999 -9999 -9999 0.3088787 0.2602767 0.6671832 0.2946713 0.7075137 0.921619 0.9629855 0.1893177 0.9073197 0.5113874 0.5850084 0.3978352 0.9700573 0.06962567 0.7315257 -9999 -9999 -9999 0.1245076 0.4332455 0.4181423 0.4581235 0.07236592 0.8755043 0.4828738 0.7309127 0.4741037 0.9038701 0.04323135 0.4651413 0.827372 0.08213717 0.6636156 0.5120257 0.3029328 0.5853819 0.9366407 0.2277412 0.9480284 0.2421995 0.4618942 0.03323692 0.08115637 0.4402214 0.9223527 0.618581 0.9407516 0.707414 0.8209544 0.104338 0.6502737 0.7816591 0.4398279 0.4724767 0.5622019 0.9811148 0.5846762 0.5793098 0.04343463 0.6878583
-9999 -9999 -9999 -9999 -9999 -9999 -9999 -9999 -9999 -9999 -9999 -9999 -9999 -9999 -9999 -9999 -9999 -9999 -9999 0.8090546 0.7361647 0.9773372 0.01324428 0.1722117 0.3475631 0.4567973 0.2152283 -9999 -9999 -9999 -9999 -9999 -9999 0.9563893 0.5531818 0.8612522 0.02509665 0.7300097 0.2051443 0.7113777 0.487888 0.955519 0.2082989 0.6829595 0.3059785 0.1903331 0.9474503 0.2543809 0.1519306 0.633912 0.4386441 0.3889643 0.6426581 0.7871838 0.5813639 0.8994741 0.445139 0.8502491 0.8833849 0.3321492 0.01103433 0.6708684 0.2207841 0.6827675 0.002713826 0.05622865 0.1956054 0.2572421 0.4731875 0.2604926 0.6536826 0.9892477 0.8624434
-9999 -9999 -9999 -9999 -9999 -9999 -9999 -9999 -9999 -9999 -9999 -9999 -9999 -9999 -9999 -9999 -9999 -9999 -9999 -9999 -9999 -9999 -9999 -9999 -9999 -9999 -9999 -9999 -9999 -9999 -9999 -9999 -9999 -9999 0.4908601 0.9261632 0.8718098 0.4711348 0.0765741 0.7741253 0.4343308 0.659809 0.7917874 0.1619142 0.05157959 0.9860299 0.3486705 0.3582155 0.2480514 0.7891996 0.4603249 0.6316075 0.4662863 0.8115675 0.3673941 0.0261969 0.486059 0.2648809 0.9779561 0.984909 0.2380994 0.9009413 0.4331979 0.3829355 0.3248445 0.1485673 0.9113696 0.5338379 0.5607217 0.379464 0.4825215 0.730807 0.8444631
-9999 -9999 -9999 -9999 -9999 -9999 -9999 -9999 -9999 -9999 -9999 -9999 -9999 -9999 -9999 -9999 -9999 -9999 -9999 -9999 -9999 -9999 -9999 -9999 -9999 -9999 -9999 -9999 -9999 -9999 -9999 -9999 -9999 -9999 0.3543644 0.3360277 0.4535524 0.4665952 0.8229787 0.4908124 0.7795002 0.5698084 0.02773129 0.9657073 0.594713 0.5573221 0.4428664 0.5075204 0.4589834 0.8874388 0.333415 0.05100218 0.5662743 0.3227365 0.7163761 0.3626446 0.2937917 0.6539458 0.6383054 0.172761 0.9737127 0.6933577 0.8318088 0.6083474 0.4500706 0.8502635 0.813443 0.7392251 0.9832956 0.6009254 0.4855222 0.04996471 0.06491254
-9999 -9999 -9999 -9999 -9999 -9999 -9999 -9999 -9999 -9999 -9999 -9999 -9999 -9999 -9999 -9999 -9999 -9999 -9999 -9999 -9999 -9999 -9999 -9999 -9999 -9999 -9999 -9999 -9999 -9999 -9999 -9999 -9999 -9999 -9999 0.4474163 -9999 0.5305749 -9999 0.3879023 -9999 -9999 -9999 0.7782012 0.1116095 0.4339032 0.8478844 0.7169163 0.1868334 0.2720546 0.4978529 0.7472461 0.2626866 0.5377722 0.334284 0.9041039 0.1363922 0.4735878 0.6715595 0.4526424 0.6935063 0.09878155 0.669352 0.3806861 0.4579672 0.539705 0.2127524 0.7075689 0.130425 0.08275899 0.5619277 0.6718782 0.9273533
-9999 -9999 -9999 -9999 -9999 -9999 -9999 -9999 -9999 -9999 -9999 -9999 -9999 -9999 -9999 -9999 -9999 -9999 -9999 -9999 -9999 -9999 -9999 -9999 -9999 -9999 -9999 -9999 -9999 -9999 -9999 -9999 -9999 -9999 -9999 -9999 -9999 -9999 -9999 -9999 -9999 -9999 -9999 -9999 -9999 0.3123109 0.8667024 0.7870285 0.774633 0.7183282 0.6773961 0.7651991 0.6732942 0.93967 0.8590515 0.6945246 0.4181087 0.02792354 0.3955028 0.3944833 0.9703659 0.5756457 0.6347355 0.8066996 0.4412729 0.6335998 0.6426454 0.4297593 0.8617296 0.4912724 0.6544554 0.3985549 0.2060107
-9999 -9999 -9999 -9999 -9999 -9999 -9999 -9999 -9999 -9999 -9999 -9999 -9999 -9999 -9999 -9999 -9999 -9999 -9999 -9999 -9999 -9999 -9999 -9999 -9999 -9999 -9999 -9999 -9999 -9999 -9999 -9999 -9999 -9999 -9999 -9999 -9999 -9999 -9999 -9999 -9999 -9999 -9999 -9999 -9999 0.6820023 -9999 0.6137757 0.2592681 0.219433 0.7376781 0.06107786 0.415666 0.5200291 0.2809802 0.8843218 0.9693688 0.2590237 0.594543 0.02837089 0.6951461 0.6651317 0.748432 0.6552668 0.7198949 0.4348567 0.1688679 0.7714267 0.7621411 0.2132039 0.9109322 0.3274971 0.8910728
-9999 -9999 -9999 -9999 -9999 -9999 -9999 -9999 -9999 -9999 -9999 -9999 -9999 -9999 -9999 -9999 -9999 -9999 -9999 -9999 -9999 -9999 -9999 -9999 -9999 -9999 -9999 -9999 -9999 -9999 -9999 -9999 -9999 -9999 -9999 -9999 -9999 -9999 -9999 -9999 -9999 -9999 -9999 -9999 -9999 0.3132268 0.9752719 0.4049368 0.4526728 0.2245567 0.2526331 0.9266993 0.2137113 0.1454131 0.7977278 0.4575692 0.2824905 0.9017286 0.09569517 0.1037602 0.1283794 0.14251 0.3077146 0.4021039 0.05657759 0.5519967 0.7712504 0.721662 0.3587502 0.14385 0.441702 0.2786181 0.3113187
-9999 -9999 -9999 -9999 -9999 -9999 -9999 -9999 -9999 -9999 -9999 -9999 -9999 -9999 -9999 -9999 -9999 -9999 -9999 -9999 -9999 -9999 -9999 -9999 -9999 -9999 -9999 -9999 -9999 -9999 -9999 -9999 -9999 -9999 -9999 -9999 -9999 -9999 -9999 -9999 -9999 -9999 -9999 -9999 -9999 -9999 -9999 -9999 -9999 -9999 0.02297444 0.884388 0.005537997 0.4788862 -9999 0.7044113 0.4795002 0.5605995 0.466206 0.2261195 0.275477 0.1375068 0.9317578 0.301946 0.6050745 0.8308173 0.7793156 0.5597298 0.06632742 0.9059203 -9999 -9999 -9999
-9999 -9999 -9999 -9999 -9999 -9999 -9999 -9999 -9999 -9999 -9999 -9999 -9999 -9999 -9999 -9999 -9999 -9999 -9999 -9999 -9999 -9999 -9999 -9999 -9999 -9999 -9999 -9999 -9999 -9999 -9999 -9999 -9999 -9999 -9999 -9999 -9999 -9999 -9999 -9999 -9999 -9999 -9999 -9999 -9999 -9999 -9999 -9999 -9999 -9999 -9999 -9999 -9999 -9999 -9999 -9999 -9999 0.313135 0.8372629 0.1737796 0.7883812 0.2741756 0.3319601 0.06398052 0.2706516 -9999 0.5895199 -9999 -9999 -9999 -9999 -9999 -9999
-9999 -9999 -9999 -9999 -9999 -9999 -9999 -9999 -9999 -9999 -9999 -9999 -9999 -9999 -9999 -9999 -9999 -9999 -9999 -9999 -9999 -9999 -9999 -9999 -9999 -9999 -9999 -9999 -9999 -9999 -9999 -9999 -9999 -9999 -9999 -9999 -9999 -9999 -9999 -9999 -9999 -9999 -9999 -9999 -9999 -9999 -9999 -9999 -9999 -9999 -9999 -9999 -9999 -9999 -9999 -9999 -9999 -9999 -9999 -9999 -9999 -9999 -9999 -9999 -9999 -9999 -9999 -9999 -9999 -9999 -9999 -9999 -9999
-9999 -9999 -9999 -9999 -9999 -9999 -9999 -9999 -9999 -9999 -9999 -9999 -9999 -9999 -9999 -9999 -9999 -9999 -9999 -9999 -9999 -9999 -9999 -9999 -9999 -9999 -9999 -9999 -9999 -9999 -9999 -9999 -9999 -9999 0.21897 0.153963 0.9768304 0.158356 0.6989786 -9999 -9999 -9999 -9999 -9999 -9999 -9999 -9999 -9999 -9999 -9999 -9999 -9999 -9999 -9999 -9999 -9999 -9999 -9999 -9999 -9999 -9999 -9999 -9999 -9999 -9999 -9999 -9999 -9999 -9999 -9999 -9999 -9999 -9999
-9999 -9999 -9999 -9999 -9999 -9999 -9999 -9999 -9999 -9999 -9999 -9999 -9999 -9999 -9999 -9999 -9999 -9999 -9999 -9999 -9999 -9999 -9999 -9999 -9999 -9999 -9999 -9999 -9999 -9999 -9999 -9999 0.8967141 -9999 0.03619546 0.1212882 0.6010875 0.4976426 0.8450846 0.1109684 -9999 -9999 -9999 -9999 -9999 -9999 -9999 -9999 -9999 -9999 -9999 -9999 -9999 -9999 -9999 -9999 -9999 -9999 -9999 -9999 -9999 -9999 -9999 -9999 -9999 -9999 -9999 -9999 -9999 -9999 -9999 -9999 -9999
-9999 -9999 -9999 -9999 -9999 -9999 -9999 -9999 -9999 -9999 -9999 -9999 -9999 -9999 -9999 -9999 -9999 -9999 -9999 -9999 -9999 -9999 -9999 -9999 -9999 -9999 -9999 -9999 -9999 -9999 -9999 -9999 -9999 -9999 -9999 0.8605855 0.1622041 0.7694998 0.142139 0.1851405 0.5191951 -9999 -9999 -9999 -9999 -9999 -9999 -9999 -9999 -9999 -9999 -9999 -9999 -9999 -9999 -9999 -9999 -9999 -9999 -9999 -9999 -9999 -9999 -9999 -9999 -9999 -9999 -9999 -9999 -9999 -9999 -9999 -9999
