data/testdata1.asc
ncols         279
nrows         271
xllcorner     166
yllcorner     -47.6
cellsize      0.05
NODATA_value  -9999
[rows 224 to 255 of 271, columns 0 to 72 of 279]
-9999 -9999 -9999 -9999 -9999 -9999 -9999 -9999 -9999 -9999 -9999 -9999 -9999 -9999 -9999 -9999 -9999 -9999 0.722246 0.1541854 0.05534417 0.3177052 -9999 0.5183774 0.4763382 0.1762447 0.2892089 0.05600096 0.8086547 0.679566 0.6804694 0.05659242 0.3612811 0.4540964 0.1449876 0.180309 0.958052 0.0180028 0.9163346 0.2589541 0.1244162 0.5138564 0.4679039 0.8509087 0.4499857 0.601456 0.7055381 0.6124696 0.9393657 0.07330576 0.9296877 0.5480932 0.1637661 0.7552505 0.8796 0.2020463 0.02589413 0.2547665 0.1720399 0.8539625 0.9506278 0.1194087 0.4470423 0.7808049 0.3139714 0.9679143 0.5331945 0.6477356 0.9227915 0.1564625 0.9449514 0.09039098 0.3578348
-9999 -9999 -9999 -9999 -9999 -9999 -9999 -9999 -9999 -9999 -9999 -9999 -9999 -9999 -9999 -9999 0.7582123 0.4682513 0.3447893 -9999 0.08677354 0.1601118 0.6608472 -9999 0.7368575 0.2934318 0.9686383 0.764957 0.2529598 0.803679 0.2981089 0.7307269 0.1100113 0.5359432 0.4764617 0.9206774 0.1589344 0.6856105 0.5366033 0.3781634 0.1386065 0.4773179 0.09824745 0.5382177 0.3167288 0.8946899 0.284175 0.9748656 0.3221017 0.2733558 0.7341498 0.7929701 0.2308063 0.5697489 0.2789908 0.9771094 0.9687928 0.1181867 0.8373012 0.009984852 0.09337414 0.6887313 0.09735236 0.07286032 0.01612658 0.6583332 0.5466254 0.1405331 0.7296963 0.1077541 0.4115084 0.2833356 0.1010125
-9999 -9999 -9999 -9999 -9999 -9999 -9999 -9999 -9999 -9999 -9999 -9999 -9999 -9999 -9999 -9999 0.9198802 0.4263399 0.8782133 0.4964029 -9999 -9999 0.09241824 0.402366 0.8419379 0.1790565 0.215488 0.2013436 0.4806487 0.4771997 0.7868636 0.7720063 0.2273986 0.07685388 0.8019952 0.5964338 0.4838344 0.2003709 0.020203 0.6919991 0.8032902 0.3149912 0.38582 0.8909097 0.2357586 0.10965 0.375116 0.02990542 0.8798925 0.03819038 0.08150247 0.612611 0.9545382 0.4914825 0.8515188 0.5070466 0.7022999 0.6609488 0.2841002 0.2407933 0.4376355 0.1559958 0.4056263 0.4563159 0.05198349 0.4378518 0.8332511 0.08894083 0.2884212 0.1323113 0.7390147 0.8299915 0.09835409
-9999 -9999 -9999 -9999 -9999 -9999 -9999 -9999 -9999 -9999 -9999 -9999 -9999 -9999 -9999 0.9056298 0.04274926 -9999 -9999 0.7180432 0.5264538 0.9532987 -9999 0.1104955 0.03721843 0.7432951 0.4365499 0.6500309 0.2046446 0.6442843 0.9671469 0.4849467 0.788354 0.5834408 0.5982564 0.5940608 0.2231544 0.2629178 0.6980741 0.2117608 0.3243619 0.9149741 0.3772422 0.2413334 0.7157797 0.8266323 0.05159441 0.4690764 0.5428327 0.9463682 0.9463055 0.3916912 0.03335843 0.8853316 0.6039485 0.4694563 0.4685544 0.6255983 0.4589573 0.6176824 0.1265817 0.2479529 0.5409959 0.7489492 0.7613245 0.9917039 0.3697339 0.1786223 0.1788066 0.9590289 0.103528 0.7061528 0.4737631
-9999 -9999 -9999 -9999 -9999 -9999 -9999 -9999 -9999 -9999 -9999 -9999 -9999 -9999 0.4136396 0.08805272 0.3140378 0.846949 0.9979354 0.6684393 0.8713394 -9999 0.7918454 0.8890905 0.1593433 0.2930275 0.7409155 0.1558452 0.8671334 0.7016479 0.1564911 0.8325654 0.4754961 0.149726 0.6739679 0.06559926 0.9983751 0.1663997 0.2305763 0.7371498 0.7751077 0.5221547 0.3751947 0.6100506 0.1259426 0.05524122 0.2226963 0.7264473 0.6833383 0.158246 0.365325 0.1228859 0.2115438 0.4873207 0.05360454 0.9243061 0.7269594 0.456567 0.9592773 0.8794425 0.7317795 0.0800773 0.8327753 0.4001307 0.3734164 0.7241322 0.367722 0.1670204 0.3422054 0.3320539 0.5849658 0.3641947 0.319891
-9999 -9999 -9999 -9999 -9999 -9999 -9999 -9999 -9999 -9999 -9999 -9999 -9999 -9999 0.28654 0.8433266 0.9921415 -9999 -9999 0.1583437 0.7881113 0.1623741 0.01981055 0.968053 0.2285171 0.3629164 0.7785197 0.830519 0.1243185 0.3666048 0.8317194 0.1652104 0.5154948 0.4290976 0.1726126 0.2659401 0.4564443 0.8699719 0.4100183 0.2083353 0.3052918 0.4821479 0.7705688 0.96434 0.5796011 0.6795936 0.5735626 0.03624763 0.4409944 0.1958115 0.7409751 0.9227661 0.8711771 0.1456058 0.9051236 0.7296129 0.6018704 0.2626315 0.6764905 0.2371428 0.8611481 0.1252243 0.634201 0.7375051 0.9986818 0.1830121 0.6016588 0.9538339 0.05239038 0.3968075 0.7698359 0.3539684 0.3189973
-9999 -9999 -9999 -9999 -9999 -9999 -9999 -9999 -9999 -9999 -9999 -9999 -9999 -9999 0.6754007 -9999 0.7687098 0.7302283 0.121397 0.01842133 0.3903036 0.7658635 0.2232808 0.6766436 0.2739064 0.6078818 0.7663121 0.8819627 0.8527962 0.6061531 0.4951782 0.4239227 0.870386 0.5011874 0.6015418 0.3358573 0.6978506 0.4204726 0.1998715 0.1353686 0.421285 0.7537193 0.6040529 0.3499615 0.01089339 0.9695106 0.2172814 0.8903348 0.8847104 0.4358589 0.847736 0.8338286 0.1793527 0.3071688 0.2625341 0.180528 0.04030232 0.5401064 0.7924682 0.1445221 0.2442212 0.1008744 0.8000233 0.5428211 0.4657967 0.4263938 0.8231754 0.8444275 0.5016187 0.2018921 0.2074724 0.4420655 0.7635877
-9999 -9999 -9999 -9999 -9999 -9999 -9999 -9999 -9999 -9999 -9999 -9999 0.4622652 0.9410293 -9999 0.5589425 0.01373341 0.09456691 0.7394698 0.04779873 0.9481177 0.5769861 0.74625 0.6112416 0.8958434 0.7565168 0.1037459 0.327958 0.9196023 0.6730958 0.9282762 0.3136981 0.5204559 0.5786508 0.2790459 0.5760121 0.179095 0.8094137 0.615422 0.7322678 0.9947562 0.3027673 0.5081144 0.4034493 0.9842936 0.0711218 0.6667647 0.09623702 0.6039081 0.945323 0.3464398 0.3858693 0.0560312 0.9000918 0.1955324 0.2122846 0.9438667 0.2739951 0.6075675 0.1020456 0.8360877 0.1964474 0.6394156 0.1285442 0.3041902 0.5342442 0.5584117 0.422988 0.995003 0.6701266 0.08088061 0.0486675 0.3008532
-9999 -9999 -9999 -9999 -9999 -9999 -9999 -9999 -9999 -9999 0.3096262 0.3893234 0.710386 0.8291463 -9999 0.3802137 0.8161237 0.347326 0.1839273 0.7814854 0.7486157 0.8724508 0.07934557 0.327194 0.1756755 0.924198 0.2728102 0.4374454 0.161799 0.5341008 0.6111125 0.3162964 0.7143075 0.1500894 0.008014658 0.5535612 0.2552717 0.4511888 0.1212514 0.2930242 0.8317162 0.6348713 0.5490636 0.02955952 0.8766063 0.7395673 0.8587627 0.09765598 0.3331154 0.5648305 0.7598259 0.913849 0.9546739 0.7516608 0.7340238 0.03555826 0.5932992 0.5854824 0.4350783 0.09883217 0.2887069 0.08427882 0.1703518 0.697498 0.970704 0.9343836 0.7770685 0.2662184 0.5873618 0.8364279 0.2055657 0.02995484 0.4714716
-9999 -9999 -9999 -9999 -9999 -9999 -9999 -9999 -9999 0.9460669 -9999 -9999 0.3318302 0.001515429 -9999 -9999 -9999 -9999 -9999 0.91276 0.9032952 0.08730467 0.3808601 0.6658069 0.8959255 0.6754246 0.5106925 0.2942147 0.6860298 0.0294851 0.3429735 0.120574 0.9804419 0.7876363 0.3516036 0.8425521 0.7052491 0.1038517 0.5086679 0.2645818 0.1349429 0.6003209 0.4702267 0.4240824 0.02547501 0.7456233 0.1722627 0.4247117 0.8137209 0.4711829 0.3992845 0.2891489 0.9458484 0.838505 0.8880866 0.1439095 0.3970935 0.5696938 0.5291653 0.04869064 0.4454418 0.2537508 0.2282908 0.7827482 0.7617164 0.04115547 0.9907361 0.9008048 0.878572 0.639226 0.7906614 0.3709898 0.1008955
-9999 -9999 -9999 -9999 -9999 -9999 -9999 -9999 -9999 -9999 -9999 -9999 -9999 0.854879 -9999 0.5954106 0.4303449 0.744507 0.8659242 0.7035797 0.9746608 0.648257 0.9031524 0.8032634 0.6919534 0.2149185 0.645943 0.4299472 0.9613475 0.2431986 0.08255909 0.8370271 0.7189286 0.4514971 0.4399876 0.4472258 0.5370894 0.5015887 0.640238 0.9641652 0.660906 0.3387106 0.2449225 0.7065948 0.3140464 0.9105566 0.7006171 0.7277763 0.5867102 0.3276776 0.6975046 0.2825248 0.2180989 0.5277882 0.4537979 0.2044061 0.5859181 0.5064794 0.7384457 0.7555898 0.2154105 0.1768384 0.4446184 0.51186 0.1204207 0.9204729 0.5264755 0.8452799 0.2889905 0.8924438 0.1117152 0.5670157 0.6259862
-9999 -9999 -9999 -9999 -9999 -9999 -9999 -9999 -9999 -9999 0.06864476 -9999 0.07842111 0.6321777 0.06188595 0.8541179 0.2608307 0.5402846 0.4237614 0.7018634 0.3934008 0.43554 0.5170041 0.2534633 0.6084948 0.5302138 0.2578288 0.5164831 0.2556543 0.3887029 0.03023936 0.8546437 0.5287967 0.1670331 0.1667408 0.2605264 0.5660683 0.3718925 0.05795928 0.1790594 0.5848544 0.4516959 0.9536667 0.6942853 0.6144452 0.5321805 0.517713 0.8919098 0.3888581 0.6090329 0.1993636 0.2101319 0.9623162 0.5100472 0.4835437 0.5912554 0.6098829 0.9393143 0.08248894 0.246581 0.5757533 0.9159431 0.1313014 0.8470807 0.231701 0.919812 0.4499133 0.9523524 0.208182 0.05685227 0.9339552 0.4903565 0.0605944
-9999 -9999 -9999 -9999 -9999 -9999 -9999 -9999 -9999 0.6796034 0.7024938 0.2256839 0.1139059 0.863119 0.4397514 0.6541681 0.7330805 0.3670774 0.9638793 0.08085468 0.9824563 0.8779953 0.5383101 0.6783826 0.9057469 0.05274158 0.2495504 0.2954312 0.977284 0.3840159 0.2193398 0.9569651 0.5036292 0.3509834 0.8988397 0.3058836 0.6384661 0.4175656 0.757354 0.04857807 0.8232744 0.4408877 0.6780815 0.4668946 0.4662849 0.05238239 0.373399 0.05900311 0.6722158 0.5740491 0.1321751 0.3716727 0.8352903 0.03237038 0.2116169 0.08645338 0.9080353 0.8323842 0.1861462 0.422264 0.1583621 0.6544122 0.5658082 0.9168862 0.2274266 0.1359447 0.9967104 0.6498651 0.300773 0.9011815 0.3559938 0.9693156 0.2052569
-9999 -9999 -9999 -9999 -9999 -9999 -9999 -9999 -9999 0.5637081 0.5669375 0.4923982 0.01389734 0.7288374 0.7693878 0.0648293 0.1418801 0.8612356 0.7577406 0.04694679 0.4138076 0.2177662 0.164405 0.7575726 0.9303889 0.07990508 0.07798226 0.5451459 0.2315572 0.5967584 0.3071814 0.4295689 0.6326515 0.303861 0.3048919 0.7010839 0.8770047 0.1302566 0.314912 0.7886811 0.1674377 0.7063593 0.3038336 0.7105387 0.6391594 0.7850958 0.240583 0.4189928 0.3365739 0.5888297 0.2861186 0.3525402 0.7564931 0.8945661 0.455784 0.5073708 0.02025583 0.6699383 0.3168181 0.3409326 0.7372532 0.07247514 0.2835208 0.8200274 0.6223607 0.62465 0.07257544 0.9259373 0.9297752 0.3772107 0.8810274 0.9290834 0.7657599
-9999 -9999 -9999 -9999 -9999 -9999 -9999 -9999 -9999 0.9955 0.5895792 0.1506906 -9999 -9999 -9999 0.7588591 -9999 -9999 0.739247 0.227826 0.7146502 0.6443228 0.8741549 0.8712443 0.1043063 0.9111076 0.4404201 0.4604238 0.9180912 0.1890323 0.6886804 0.1366848 0.3836404 0.3269749 0.3883271 0.3588678 0.6429721 0.05249056 0.07677168 0.4484991 0.05058318 0.8392437 0.4844954 0.2951137 0.9285764 0.5908453 0.9483789 0.7842335 0.09131792 0.2035977 0.6258138 0.5105022 0.4521275 0.0706446 0.3220949 0.338476 0.02449847 0.5900277 0.7435947 0.3735713 0.6303504 0.7391496 0.9892177 0.9056678 0.6278119 0.7781432 0.09263717 0.8878685 0.9710349 0.1446468 0.4278127 0.512916 0.9145409
-9999 -9999 -9999 -9999 -9999 -9999 -9999 -9999 -9999 -9999 -9999 -9999 0.9226459 0.6884196 -9999 0.2639295 0.9203621 0.6065784 0.904027 0.6404834 0.1721929 0.1511861 0.603722 0.7414709 0.2521369 0.6805544 0.5596485 0.3385415 0.2089392 0.1050732 0.3456139 0.4293731 0.3768826 0.1384313 0.1809493 0.7408455 0.5967351 0.2558685 0.7549713 0.4704964 0.409353 0.6719587 0.1803518 0.07875668 0.7844409 0.6504242 0.1378931 0.9444689 0.9469677 0.4584818 0.2752097 0.6961852 0.8637389 0.2782193 0.9218161 0.03174855 0.952625 0.387504 0.1831209 0.8386528 0.5769464 0.9229223 0.4758275 0.4276862 0.8875142 0.5372497 0.5672401 0.6923547 0.5748278 0.2639537 0.1809774 0.006587355 0.09392811
-9999 -9999 -9999 -9999 -9999 -9999 -9999 -9999 -9999 -9999 -9999 0.2603964 -9999 -9999 -9999 0.01322465 0.2518238 0.9933605 0.3462324 0.6413983 0.3532063 0.4839918 0.7294716 0.06888354 0.5502363 0.4691542 0.484112 0.8270841 0.3044743 0.2135049 0.7580617 0.0199284 0.2248955 0.948391 0.9981334 0.6678643 0.4382519 0.6162342 0.9629835 0.493259 0.0727145 0.9625725 0.6305832 0.209706 0.6672971 0.5382566 0.3127201 0.3777378 0.3195616 0.174304 0.2890314 0.8894454 0.384104 0.4919087 0.2730688 0.144503 0.5343225 0.01010694 0.02289354 0.9801005 0.9999657 0.4135997 0.408704 0.4172804 0.7929632 0.543231 0.2499934 0.2861831 0.7340366 0.6716232 0.2347396 0.7926963 0.09259208
-9999 -9999 -9999 -9999 -9999 -9999 -9999 -9999 -9999 -9999 -9999 -9999 0.3520705 -9999 0.2241255 0.8558279 0.8390596 0.3849792 0.1413904 0.9087312 0.3719472 0.1727571 0.7031013 0.1908321 0.3481799 0.8388346 0.1162522 0.4632136 0.6373876 0.7895656 0.1436385 0.3739973 0.007408764 0.3282309 0.4615232 0.31894 0.3042221 0.142587 0.1774587 0.7590603 0.4482846 0.7806963 0.07076576 0.3077968 0.3097753 0.9275383 0.1181681 0.9001976 0.5252462 0.2949019 0.8670833 0.3566409 0.3181784 0.93706 0.2190702 0.6535872 0.3859452 0.8047237 0.1859324 0.2138625 0.9156815 0.3497793 0.1809783 0.5289721 0.7915587 0.9933054 0.4079363 0.4259475 0.05596668 0.269372 0.9100279 0.2912219 0.6871016
-9999 -9999 -9999 -9999 -9999 -9999 -9999 -9999 -9999 -9999 -9999 -9999 -9999 0.7887443 0.6438509 0.4083588 0.8918874 0.1435954 0.05285327 0.9754977 0.3551022 0.5640805 0.143745 0.4145665 0.07468873 0.1174152 0.0706981 0.9927091 -9999 -9999 -9999 0.596836 0.4744789 0.1662322 0.7064736 0.7397276 0.5637344 0.6106757 0.8432841 0.1012933 0.140063 0.809036 0.2448858 0.1674885 0.2931915 0.937492 0.5283567 0.5293862 0.6253735 0.9986539 0.1339711 0.4049059 0.9947987 0.2280574 0.5080607 0.9456978 0.8410317 0.9420639 0.399158 0.8916845 0.4049833 0.8896672 0.07991938 0.1357579 0.1559115 0.1707066 0.3073305 0.7611328 0.7379557 0.7829858 0.8336926 0.1138565 0.7487008
-9999 -9999 -9999 -9999 -9999 -9999 -9999 -9999 -9999 -9999 -9999 -9999 -9999 -9999 -9999 -9999 -9999 -9999 -9999 0.6480777 0.8276755 0.2046249 0.01066762 0.5522341 0.8970355 0.3982457 0.5057628 -9999 -9999 -9999 -9999 -9999 -9999 0.03545089 0.2532576 0.1580169 0.5930244 0.6067762 0.3229656 0.8493565 0.4178512 0.2828639 0.3584949 0.7360884 0.680681 0.4392986 0.5851883 0.8722718 0.119163 0.8582353 0.7555034 0.7596739 0.4195697 0.9014952 0.3914443 0.6478187 0.2971196 0.1406925 0.8433996 0.8223174 0.2989558 0.7568929 0.2278862 0.6939794 0.8922803 0.0223025 0.3067003 0.5012053 0.4001457 0.1764892 0.3699734 0.4381604 0.3474019
-9999 -9999 -9999 -9999 -9999 -9999 -9999 -9999 -9999 -9999 -9999 -9999 -9999 -9999 -9999 -9999 -9999 -9999 -9999 -9999 -9999 -9999 -9999 -9999 -9999 -9999 -9999 -9999 -9999 -9999 -9999 -9999 -9999 -9999 0.1668911 0.009962831 0.6797404 0.8414441 0.2883901 0.8528579 0.03158513 0.7649117 0.4749309 0.3095749 0.2626583 0.8061061 0.1662766 0.9915347 0.08763284 0.7252288 0.3059287 0.8785812 0.6215268 0.3185073 0.1939102 0.6473512 0.04693912 0.5219548 0.6715804 0.1910493 0.1445677 0.6127863 0.95098 0.3931299 0.4995079 0.07099082 0.4012088 0.2173849 0.1958329 0.66356 0.6043332 0.1769377 0.8119546
-9999 -9999 -9999 -9999 -9999 -9999 -9999 -9999 -9999 -9999 -9999 -9999 -9999 -9999 -9999 -9999 -9999 -9999 -9999 -9999 -9999 -9999 -9999 -9999 -9999 -9999 -9999 -9999 -9999 -9999 -9999 -9999 -9999 -9999 0.1066375 0.04249794 0.4983826 0.0841975 0.588464 0.2196523 0.9990815 0.3147061 0.03635743 0.7940151 0.3910587 0.9376858 0.5307859 0.01659829 0.6024769 0.2708066 0.07422999 0.4424451 0.4118556 0.8128448 0.05822349 0.7131007 0.1123781 0.5281073 0.6405509 0.5461146 0.7426044 0.8691363 0.5951008 0.2440732 0.9460902 0.350196 0.1968756 0.03566477 0.5224121 0.4840399 0.7046578 0.561275 0.7320997
-9999 -9999 -9999 -9999 -9999 -9999 -9999 -9999 -9999 -9999 -9999 -9999 -9999 -9999 -9999 -9999 -9999 -9999 -9999 -9999 -9999 -9999 -9999 -9999 -9999 -9999 -9999 -9999 -9999 -9999 -9999 -9999 -9999 -9999 -9999 0.3819337 -9999 0.6870455 -9999 0.7444464 -9999 -9999 -9999 0.2806123 0.03783843 0.1835356 0.5961856 0.9064403 0.4597385 0.2821735 0.9783651 0.4301665 0.188309 0.4464138 0.4379294 0.1677329 0.5786879 0.6416506 0.2882759 0.8434215 0.2998099 0.7480878 0.0492992 0.3381462 0.7731275 0.7562967 0.6380649 0.8478995 0.318363 0.02917789 0.7977647 0.01485602 0.3187913
-9999 -9999 -9999 -9999 -9999 -9999 -9999 -9999 -9999 -9999 -9999 -9999 -9999 -9999 -9999 -9999 -9999 -9999 -9999 -9999 -9999 -9999 -9999 -9999 -9999 -9999 -9999 -9999 -9999 -9999 -9999 -9999 -9999 -9999 -9999 -9999 -9999 -9999 -9999 -9999 -9999 -9999 -9999 -9999 -9999 0.9037809 0.705339 0.6622831 0.5729236 0.9468614 0.2739336 0.9692729 0.4928294 0.8402659 0.4564 0.2292559 0.02199726 0.9935449 0.5397567 0.390853 0.1396838 0.5709643 0.03589142 0.6555688 0.2879295 0.1099128 0.4630545 0.5356532 0.05344329 0.7213417 0.5687599 0.02524411 0.1971439
-9999 -9999 -9999 -9999 -9999 -9999 -9999 -9999 -9999 -9999 -9999 -9999 -9999 -9999 -9999 -9999 -9999 -9999 -9999 -9999 -9999 -9999 -9999 -9999 -9999 -9999 -9999 -9999 -9999 -9999 -9999 -9999 -9999 -9999 -9999 -9999 -9999 -9999 -9999 -9999 -9999 -9999 -9999 -9999 -9999 0.7945744 -9999 0.2484839 0.2664028 0.5316625 0.2155083 0.4111541 0.1970746 0.5462381 0.2509691 0.8849521 0.414661 0.3653633 0.2984847 0.5216854 0.507889 0.2554959 0.03034667 0.348714 0.1928813 0.5176545 0.06570058 0.1863818 0.488205 0.9427413 0.4756724 0.08185474 0.8782016
-9999 -9999 -9999 -9999 -9999 -9999 -9999 -9999 -9999 -9999 -9999 -9999 -9999 -9999 -9999 -9999 -9999 -9999 -9999 -9999 -9999 -9999 -9999 -9999 -9999 -9999 -9999 -9999 -9999 -9999 -9999 -9999 -9999 -9999 -9999 -9999 -9999 -9999 -9999 -9999 -9999 -9999 -9999 -9999 -9999 0.4017613 0.5197717 0.6179599 0.4646045 0.6124557 0.1690936 0.8442848 0.5782573 0.05208233 0.857078 0.2586679 0.98014 0.8345299 0.0849999 0.2769465 0.9237632 0.9122644 0.7824944 0.5608838 0.9294983 0.5677842 0.2511601 0.7459521 0.4879468 0.9558564 0.6433188 0.5011472 0.9547158
-9999 -9999 -9999 -9999 -9999 -9999 -9999 -9999 -9999 -9999 -9999 -9999 -9999 -9999 -9999 -9999 -9999 -9999 -9999 -9999 -9999 -9999 -9999 -9999 -9999 -9999 -9999 -9999 -9999 -9999 -9999 -9999 -9999 -9999 -9999 -9999 -9999 -9999 -9999 -9999 -9999 -9999 -9999 -9999 -9999 -9999 -9999 -9999 -9999 -9999 0.5950264 0.5301005 0.05754849 0.4216282 -9999 0.3231381 0.3668948 0.8809025 0.3089845 0.2343357 0.7096848 0.164592 0.7198774 0.5762321 0.6873485 0.3573687 0.205624 0.6363574 0.8550054 0.5820059 -9999 -9999 -9999
-9999 -9999 -9999 -9999 -9999 -9999 -9999 -9999 -9999 -9999 -9999 -9999 -9999 -9999 -9999 -9999 -9999 -9999 -9999 -9999 -9999 -9999 -9999 -9999 -9999 -9999 -9999 -9999 -9999 -9999 -9999 -9999 -9999 -9999 -9999 -9999 -9999 -9999 -9999 -9999 -9999 -9999 -9999 -9999 -9999 -9999 -9999 -9999 -9999 -9999 -9999 -9999 -9999 -9999 -9999 -9999 -9999 0.6741527 0.9529852 0.2550704 0.3064965 0.1794554 0.4559868 0.3818312 0.4046151 -9999 0.633569 -9999 -9999 -9999 -9999 -9999 -9999
-9999 -9999 -9999 -9999 -9999 -9999 -9999 -9999 -9999 -9999 -9999 -9999 -9999 -9999 -9999 -9999 -9999 -9999 -9999 -9999 -9999 -9999 -9999 -9999 -9999 -9999 -9999 -9999 -9999 -9999 -9999 -9999 -9999 -9999 -9999 -9999 -9999 -9999 -9999 -9999 -9999 -9999 -9999 -9999 -9999 -9999 -9999 -9999 -9999 -9999 -9999 -9999 -9999 -9999 -9999 -9999 -9999 -9999 -9999 -9999 -9999 -9999 -9999 -9999 -9999 -9999 -9999 -9999 -9999 -9999 -9999 -9999 -9999
-9999 -9999 -9999 -9999 -9999 -9999 -9999 -9999 -9999 -9999 -9999 -9999 -9999 -9999 -9999 -9999 -9999 -9999 -9999 -9999 -9999 -9999 -9999 -9999 -9999 -9999 -9999 -9999 -9999 -9999 -9999 -9999 -9999 -9999 0.777976 0.2016431 0.3143445 0.3062804 0.5254055 -9999 -9999 -9999 -9999 -9999 -9999 -9999 -9999 -9999 -9999 -9999 -9999 -9999 -9999 -9999 -9999 -9999 -9999 -9999 -9999 -9999 -9999 -9999 -9999 -9999 -9999 -9999 -9999 -9999 -9999 -9999 -9999 -9999 -9999
-9999 -9999 -9999 -9999 -9999 -9999 -9999 -9999 -9999 -9999 -9999 -9999 -9999 -9999 -9999 -9999 -9999 -9999 -9999 -9999 -9999 -9999 -9999 -9999 -9999 -9999 -9999 -9999 -9999 -9999 -9999 -9999 0.8580897 -9999 0.4706349 0.3388245 0.2605705 0.475375 0.6837575 0.9773657 -9999 -9999 -9999 -9999 -9999 -9999 -9999 -9999 -9999 -9999 -9999 -9999 -9999 -9999 -9999 -9999 -9999 -9999 -9999 -9999 -9999 -9999 -9999 -9999 -9999 -9999 -9999 -9999 -9999 -9999 -9999 -9999 -9999
-9999 -9999 -9999 -9999 -9999 -9999 -9999 -9999 -9999 -9999 -9999 -9999 -9999 -9999 -9999 -9999 -9999 -9999 -9999 -9999 -9999 -9999 -9999 -9999 -9999 -9999 -9999 -9999 -9999 -9999 -9999 -9999 -9999 -9999 -9999 0.1677278 0.3967817 0.8889894 0.6996401 0.5288758 0.6476908 -9999 -9999 -9999 -9999 -9999 -9999 -9999 -9999 -9999 -9999 -9999 -9999 -9999 -9999 -9999 -9999 -9999 -9999 -9999 -9999 -9999 -9999 -9999 -9999 -9999 -9999 -9999 -9999 -9999 -9999 -9999 -9999
