data/testdata0.asc
ncols         279
nrows         271
xllcorner     166
yllcorner     -47.6
cellsize      0.05
NODATA_value  -9999
[rows 160 to 191 of 271, columns 73 to 145 of 279]
-9999 -9999 -9999 -9999 -9999 -9999 -9999 -9999 -9999 -9999 -9999 -9999 -9999 -9999 -9999 -9999 -9999 -9999 -9999 -9999 -9999 -9999 -9999 -9999 -9999 -9999 -9999 -9999 -9999 -9999 -9999 -9999 -9999 -9999 0.222962 0.7460582 0.782032 0.450037 0.9955251 0.9956382 0.6742661 0.5139453 0.8890222 0.8090814 0.3116051 0.581361 0.2220503 0.7215486 0.3600959 0.8524919 0.5843395 0.8764316 0.7438578 0.3995701 0.5147321 0.8000107 0.4578256 0.6309639 0.464317 0.2581446 0.3219008 0.3685696 0.6072208 0.5074909 0.7390081 0.3509863 0.06155504 0.253758 0.5195578 0.97497 0.08301996 0.6294887 0.8348156
-9999 -9999 -9999 -9999 -9999 -9999 -9999 -9999 -9999 -9999 -9999 -9999 -9999 -9999 -9999 -9999 -9999 -9999 -9999 -9999 -9999 -9999 -9999 -9999 -9999 -9999 -9999 -9999 -9999 -9999 -9999 -9999 -9999 -9999 0.9240139 0.2928809 0.4699283 0.3852002 0.7788262 0.5452856 0.05916787 0.919041 0.9363719 0.2664083 0.2584265 0.737772 0.8920397 0.9629259 0.05669211 0.865198 0.9197375 0.7734882 0.6327261 0.2213789 0.977409 0.5451344 0.5594093 0.2713122 0.2883333 0.5698653 0.9651187 0.9900202 0.4107046 0.5438719 0.9646356 0.2065444 0.6079935 0.3119196 0.6720852 0.3893456 0.3325898 0.95939 0.1084074
-9999 -9999 -9999 -9999 -9999 -9999 -9999 -9999 -9999 -9999 -9999 -9999 -9999 -9999 -9999 -9999 -9999 -9999 -9999 -9999 -9999 -9999 -9999 -9999 -9999 -9999 -9999 -9999 -9999 -9999 -9999 -9999 -9999 0.4134087 0.990423 0.5003821 0.6044458 0.4647365 0.1186501 0.3052676 0.8689835 0.8489465 0.3975865 0.5691649 0.6375844 0.3022343 0.6013572 0.5618467 0.5903565 0.170735 0.07343854 0.9795532 0.915846 0.7750254 0.8323708 0.3426979 0.03589083 0.2941567 0.3063777 0.9443536 0.3656301 0.4817196 0.7593914 0.1620197 0.6711704 0.5264395 0.4709845 0.9451717 0.587408 0.3698038 0.7327075 0.2910904 0.8585074
-9999 -9999 -9999 -9999 -9999 -9999 -9999 -9999 -9999 -9999 -9999 -9999 -9999 -9999 -9999 -9999 -9999 -9999 -9999 -9999 -9999 -9999 -9999 -9999 -9999 -9999 -9999 -9999 -9999 -9999 -9999 -9999 -9999 0.2603097 0.6326455 0.8387437 0.2270124 0.5068619 0.313361 0.1450023 0.3057816 0.1316198 0.1821052 0.8685926 0.4728027 0.1923315 0.7711856 0.2004792 0.2614895 0.3716379 0.655955 0.3594744 0.8577982 0.7527079 0.8740004 0.6588877 0.2401193 0.4425296 0.7388642 0.5770831 0.7449521 0.6053571 0.3607961 0.8944417 0.8708594 0.4688144 0.1870358 0.9592313 0.1332039 0.8651549 0.8741281 0.144881 0.7821659
-9999 -9999 -9999 -9999 -9999 -9999 -9999 -9999 -9999 -9999 -9999 -9999 -9999 -9999 -9999 -9999 -9999 -9999 -9999 -9999 -9999 -9999 -9999 -9999 -9999 -9999 -9999 -9999 -9999 -9999 -9999 -9999 -9999 0.131394 0.03031365 0.9536882 0.008886024 0.3670198 0.5273125 0.8733381 0.9396213 0.02090025 0.9613302 0.2324644 0.3448993 0.285156 0.4312219 0.2471819 0.0913133 0.6648499 0.2950131 0.5628812 0.4224251 0.6217865 0.7189721 0.9781054 0.2363527 0.7065917 0.4493387 0.437958 0.7422645 0.9915738 0.3692085 0.6095428 0.5582798 0.6168668 0.4030744 0.3519344 0.3132753 0.2623537 0.3315236 0.3931802 0.8150979
-9999 -9999 -9999 -9999 -9999 -9999 -9999 -9999 -9999 -9999 -9999 -9999 -9999 -9999 -9999 -9999 -9999 -9999 -9999 -9999 -9999 -9999 -9999 -9999 -9999 -9999 -9999 -9999 -9999 -9999 -9999 -9999 0.08325301 0.8364792 0.08803208 0.06284148 0.6006503 0.2456236 0.5890367 0.7693973 0.7065498 0.1265536 0.7724543 0.2228226 0.8352215 0.304435 0.2136755 0.3140564 0.243033 0.6740288 0.3161706 0.5931101 0.454983 0.2468106 0.322475 0.8415782 0.5432655 0.8894958 0.6884575 0.2428035 0.5503659 0.8164715 0.6333688 0.7121999 0.3691874 0.8986338 0.6781716 0.9502307 0.3927096 0.8511327 0.984652 0.7805433 0.2456781
-9999 -9999 -9999 -9999 -9999 -9999 -9999 -9999 -9999 -9999 -9999 -9999 -9999 -9999 -9999 -9999 -9999 -9999 -9999 -9999 -9999 -9999 -9999 -9999 -9999 -9999 -9999 -9999 -9999 -9999 -9999 -9999 0.7956152 0.3144211 0.1509001 0.3874562 0.442816 0.6621472 0.8994433 0.4594008 0.5615692 0.7589114 0.5644646 0.3307607 0.04081473 0.04163852 0.1511531 0.2775799 0.6583016 0.6321443 0.02872668 0.7472433 0.5163791 0.7133559 0.3134887 0.9866504 0.887944 0.6125638 0.3182911 0.9086707 0.03504406 0.9042052 0.1309034 0.009379852 0.5626378 0.8446782 0.3837881 0.1485772 0.8700106 0.4516879 0.2777823 0.006084706 0.2623468
-9999 -9999 -9999 -9999 -9999 -9999 -9999 -9999 -9999 -9999 -9999 -9999 -9999 -9999 -9999 -9999 -9999 -9999 -9999 -9999 -9999 -9999 -9999 -9999 -9999 -9999 -9999 -9999 -9999 -9999 -9999 0.5126867 0.8485252 0.6676264 0.9611043 0.9560611 0.7448078 0.5307947 0.1459838 0.8874821 0.1843421 0.3555725 0.2900587 0.6825764 0.5318105 0.07347154 0.9237292 0.9259702 0.8000426 0.7875278 0.3282045 0.001377169 0.844596 0.3565298 0.09141046 0.06059272 0.8591171 0.7644034 0.2459293 0.4338943 0.9839838 0.8372526 0.3014703 0.544348 0.8407296 0.8705574 0.484372 0.3885216 0.8047482 0.7290264 0.496635 0.6461036 0.8287805
-9999 -9999 -9999 -9999 -9999 -9999 -9999 -9999 -9999 -9999 -9999 -9999 -9999 -9999 -9999 -9999 -9999 -9999 -9999 -9999 -9999 -9999 -9999 -9999 -9999 -9999 -9999 -9999 -9999 -9999 -9999 0.1106091 0.8918937 0.7959965 0.879741 0.6379192 0.6240553 0.01902681 0.7364075 0.2838419 0.9044652 0.6021711 0.8748797 0.05303585 0.06660529 0.1444559 0.03584279 0.628947 0.267703 0.1503798 0.4298463 0.214873 0.539757 0.4666806 0.7199695 0.5195589 0.5944688 0.8948845 0.1646438 0.1998239 0.4445802 0.7921358 0.4831313 0.07272002 0.9041182 0.4728083 0.006159605 0.4097211 0.03004472 0.2233984 0.6742128 0.6254436 0.5678137
-9999 -9999 -9999 -9999 -9999 -9999 -9999 -9999 -9999 -9999 -9999 -9999 -9999 -9999 -9999 -9999 -9999 -9999 -9999 -9999 -9999 -9999 -9999 -9999 -9999 -9999 -9999 -9999 -9999 -9999 0.6740412 0.5501699 0.165581 0.8784294 0.2224423 0.3990839 0.9060152 0.07409511 0.5800398 0.5417939 0.08596775 0.883643 0.4254653 0.5131293 0.7239828 0.2946991 0.9875979 0.4733005 0.6848721 0.6240063 0.7362375 0.8663469 0.3254674 0.2793872 0.3110603 0.05124013 0.159903 0.6506133 0.5013548 0.4681438 0.8569306 0.1916803 0.08903936 0.9023295 0.881765 0.7569897 0.3674615 0.4082492 0.09496091 0.2539369 0.1484775 0.4562637 0.6208211
-9999 -9999 -9999 -9999 -9999 -9999 -9999 -9999 -9999 -9999 -9999 -9999 -9999 -9999 -9999 -9999 -9999 -9999 -9999 -9999 -9999 -9999 -9999 -9999 -9999 -9999 -9999 -9999 -9999 0.8381314 0.2753725 0.2864186 0.9408507 0.1761567 0.7937276 0.4024523 0.1285711 0.2027627 0.1084495 0.925947 0.7750409 0.1458596 0.7077288 0.7332578 0.9825636 0.5818224 0.02337492 0.297374 0.7849764 0.5538992 0.7123102 0.2457796 0.3295353 0.2726508 0.3794703 0.03159701 0.4064558 0.7109214 0.8046108 0.5305099 0.8886102 0.4058403 0.7355201 0.3759687 0.6438813 0.7803555 0.3101387 0.8451771 0.4826719 0.2967978 0.1700843 0.1083593 0.7030709
-9999 -9999 -9999 -9999 -9999 -9999 -9999 -9999 -9999 -9999 -9999 -9999 -9999 -9999 -9999 -9999 -9999 -9999 -9999 -9999 -9999 -9999 -9999 -9999 -9999 -9999 -9999 -9999 -9999 0.8006469 0.7877486 0.4571435 0.8992206 0.2756425 0.2705024 0.04931052 0.305196 0.05534707 0.02144021 0.9983816 0.55021 0.13362 0.6949552 0.1698363 0.7132241 0.2124656 0.4379485 0.3234564 0.3443453 0.4971996 0.4379249 0.2307577 0.1398749 0.6517709 0.9281198 0.608828 0.6056391 0.4767406 0.9621573 0.9330711 0.5210996 0.8724161 0.2707398 0.1913571 0.01674678 0.6496431 0.5128686 0.6420795 0.0772732 0.7507516 0.2340961 0.6386173 0.2830288
-9999 -9999 -9999 -9999 -9999 -9999 -9999 -9999 -9999 -9999 -9999 -9999 -9999 -9999 -9999 -9999 -9999 -9999 -9999 -9999 -9999 -9999 -9999 -9999 -9999 -9999 -9999 0.6963127 0.231332 0.1720836 0.4119068 0.2789034 0.967652 0.9819831 0.8941068 0.9178489 0.6077253 0.8366106 0.6492223 0.3409219 0.3200862 0.05883934 0.9578251 0.9073191 0.1844171 0.6538697 0.4975971 0.815913 0.2660113 0.3006844 0.7869339 0.3330355 0.8191422 0.3942848 0.1637041 0.3522915 0.6818386 0.9512087 0.8616656 0.5989057 0.9245667 0.1908287 0.747038 0.7910989 0.8153176 0.6049328 0.2777309 0.07099599 0.1636014 0.3280854 0.2477287 0.01756611 0.1058479
-9999 -9999 -9999 -9999 -9999 -9999 -9999 -9999 -9999 -9999 -9999 -9999 -9999 -9999 -9999 -9999 -9999 -9999 -9999 -9999 -9999 -9999 -9999 -9999 -9999 -9999 0.8683888 0.4610293 0.7018893 0.3644171 0.7246426 0.3322491 0.4267003 0.4822139 0.1949156 0.2942525 0.7331786 0.6934822 0.3315884 0.5111107 0.3053651 0.04062719 0.5375817 0.2542098 0.4543304 0.2481982 0.1867177 0.8966357 0.3811137 0.7582891 0.3573627 0.2552153 0.3341939 0.2698449 0.4918508 0.8427135 0.9739914 0.8443747 0.7941893 0.5926869 0.2569014 0.6405709 0.1785445 0.6194934 0.1513582 0.3403346 0.5810099 0.5759584 0.4984311 0.3287068 0.4471543 0.1711969 0.329451
-9999 -9999 -9999 -9999 -9999 -9999 -9999 -9999 -9999 -9999 -9999 -9999 -9999 -9999 -9999 -9999 -9999 -9999 -9999 -9999 -9999 -9999 -9999 -9999 -9999 0.8474444 0.9890995 0.01069181 0.9850587 0.5491094 0.9147521 0.4829066 0.3124899 0.9646523 0.4576391 0.2560893 0.655973 0.5319136 0.7539917 0.2961643 0.2714674 0.1538981 0.853875 0.1691077 0.969025 0.3093702 0.1511195 0.7784963 0.8806126 0.6204812 0.6296585 0.09133784 0.9505897 0.1899277 0.9887726 0.664682 0.7113442 0.02014046 0.7097405 0.7855132 0.9065828 0.8270057 0.1263947 0.03642453 0.5247783 0.5606166 0.5620853 0.09957242 0.8052736 0.9455569 0.5955485 0.6114134 0.7795407
-9999 -9999 -9999 -9999 -9999 -9999 -9999 -9999 -9999 -9999 -9999 -9999 -9999 -9999 -9999 -9999 -9999 -9999 -9999 -9999 -9999 -9999 -9999 -9999 0.7184809 0.3070692 0.9439821 0.4834165 0.5092468 0.1172846 0.6661881 0.3741812 0.046172 0.3986117 0.674368 0.9681693 0.05862387 0.614484 0.6346031 0.6705024 0.3997031 0.7387258 0.4003071 0.7664446 0.1001992 0.5116566 0.8025089 0.9372712 0.4733264 0.2313499 0.7721672 0.9675445 0.08274142 0.6425502 0.1070163 0.7062948 0.3863425 0.4857444 0.195443 0.344609 0.8683491 0.2688912 0.00989461 0.07212425 0.4721637 0.8243048 0.6823186 0.1749285 0.1465137 0.2131969 0.9741335 0.6373672 0.3173759
-9999 -9999 -9999 -9999 -9999 -9999 -9999 -9999 -9999 -9999 -9999 -9999 -9999 -9999 -9999 -9999 -9999 -9999 -9999 -9999 -9999 -9999 -9999 0.1020878 0.9003319 0.9360694 0.5486376 0.4032776 0.9171507 0.6863727 0.5256376 0.1895924 0.8090115 0.5051906 0.5802004 0.06523906 0.7914152 0.03787549 0.2837611 0.4216104 0.219038 0.7170875 0.2977357 0.2627241 0.933632 0.5589371 0.5280623 0.925194 0.1158316 0.8849087 0.1898985 0.005231437 0.7033666 0.7820662 0.3449746 0.8051788 0.4381815 0.114039 0.4741037 0.6120741 0.6049604 0.8952895 0.6473474 0.1207461 0.523559 0.8411621 0.8543384 0.313942 0.8578423 0.9062133 0.0572587 0.1119851 0.8034289
-9999 -9999 -9999 -9999 -9999 -9999 -9999 -9999 -9999 -9999 -9999 -9999 -9999 -9999 -9999 -9999 -9999 -9999 -9999 -9999 -9999 -9999 0.9510968 0.009187406 0.873569 0.6765713 0.2954591 0.1033394 0.6990784 0.4326588 0.9847499 0.372433 0.01872869 0.8209504 0.1843565 0.6888828 0.3041281 0.7442943 0.7886241 0.529977 0.1378009 0.7813355 0.2209049 0.5581999 0.3433144 0.7453528 0.2218883 0.9242099 0.8849375 0.1220041 0.4387118 0.854975 0.8493294 0.4484759 0.627354 0.08956311 0.821761 0.6965406 0.2808084 0.7250898 0.9693667 0.7220187 0.4955381 0.03532158 0.1439274 0.8431484 0.8887124 0.8244357 0.316685 0.6103611 0.3787245 0.8784363 -9999
-9999 -9999 -9999 -9999 -9999 -9999 -9999 -9999 -9999 -9999 -9999 -9999 -9999 -9999 -9999 -9999 -9999 -9999 -9999 -9999 0.7916024 0.9676576 0.85967 0.1344871 0.2308584 0.4598917 0.2337921 0.5893058 0.09332895 0.9157273 0.1022295 0.08460774 0.08780859 0.1206304 0.7580433 0.6338941 0.5467644 0.3950557 0.2689683 0.932261 0.4949394 0.9472295 0.3057818 0.5236356 0.2531126 0.5579639 0.1620791 0.8312938 0.1395144 0.910003 0.02795517 0.8641591 0.8313997 0.8743996 0.5800925 0.4113828 0.9492756 0.06642324 0.9507552 0.537705 0.4262867 0.9835 0.1381894 0.1920975 0.225256 0.03768305 0.9209301 0.7421874 0.9658819 0.7951545 0.3385138 -9999 -9999
-9999 -9999 -9999 -9999 -9999 -9999 -9999 -9999 -9999 -9999 -9999 -9999 -9999 -9999 -9999 -9999 -9999 0.9098796 0.7556585 0.702253 0.8218889 0.3597679 0.573901 0.5265412 0.7479744 0.3637273 0.01900729 0.9800981 0.1642206 0.396864 0.4278504 0.01402027 0.2709116 0.3931617 0.08464533 0.1756109 0.8720453 0.3648665 0.6088884 0.2687801 0.2339764 0.3695281 0.2378281 0.518352 0.8698398 0.3871963 0.3159667 0.3007772 0.06225583 0.6702756 0.3040941 0.5037517 0.9368168 0.1285339 0.6203516 0.5772431 0.8988544 0.3117693 0.6258278 0.3384215 0.2459883 0.5526319 0.06718595 0.5929977 0.7689567 0.8321027 0.2888217 0.6354672 0.1532273 -9999 -9999 -9999 -9999
-9999 -9999 -9999 -9999 -9999 -9999 -9999 -9999 -9999 -9999 -9999 -9999 -9999 -9999 -9999 0.46206 0.6027399 0.3180917 0.4925599 0.9977875 0.5105493 0.9030098 0.8849269 0.0411247 0.9117221 0.4588482 0.05253138 0.03430654 0.1714937 0.6629571 0.5467432 0.8300447 0.6079955 0.05055083 0.5745869 0.9271233 0.5471868 0.877257 0.3915642 0.1630257 0.1941923 0.9699467 0.4171325 0.1760928 0.3835467 0.3783452 0.6353398 0.9497127 0.2708448 0.6399254 0.8431154 0.7510409 0.02829842 0.4705811 0.3087173 0.7767527 0.6066988 0.6935819 0.402836 0.8183264 0.626286 0.2193103 0.7648538 0.2593573 0.4590247 0.8882785 0.5667611 -9999 -9999 -9999 -9999 -9999 -9999
-9999 -9999 -9999 -9999 -9999 -9999 -9999 -9999 -9999 -9999 -9999 -9999 0.4913583 0.7913525 0.2421684 0.5725375 0.4163361 0.3346935 0.8303605 0.2543596 0.427866 0.2373391 0.001168224 0.06540519 0.256406 0.5855481 0.2344472 0.02233008 0.6193072 0.1228211 0.01659895 0.8787439 0.1165653 0.2618637 0.01952612 0.006313724 0.1461035 0.225455 0.3303688 0.8110233 0.1510879 0.3787237 0.5445221 0.2470897 0.511772 0.815329 0.5344349 0.991035 0.3943748 0.2600492 0.70669 0.8384156 0.8694881 0.3502754 0.5598656 0.8857058 0.6125165 0.3589119 0.3556775 0.05984003 0.4986478 0.4211832 0.7159032 0.5579094 -9999 -9999 -9999 -9999 -9999 -9999 -9999 -9999 -9999
-9999 -9999 -9999 -9999 -9999 -9999 -9999 -9999 -9999 -9999 -9999 0.08301914 0.3776137 0.04150765 0.07096194 0.1672574 0.3476714 0.3799766 0.4236668 0.727377 0.7030531 0.7253295 0.1325232 0.2188347 0.1681326 0.9596055 0.4467236 0.7093462 0.1019427 0.07234156 0.668698 0.6867474 0.9300596 0.1110128 0.1270148 0.980137 0.9241439 0.02600227 0.6531876 0.6068003 0.8916384 0.7226035 0.6248875 0.3574143 0.3381211 0.6325534 0.6380627 0.9320342 0.6648153 0.1175969 0.8704639 0.4393608 0.9637552 0.01758247 0.1990757 0.07178926 0.9731086 0.6555892 0.1339544 0.7687393 0.7551553 0.6125851 0.6309728 -9999 -9999 -9999 -9999 -9999 -9999 -9999 -9999 -9999 -9999
-9999 -9999 -9999 -9999 -9999 -9999 -9999 -9999 -9999 -9999 0.3997923 0.4109868 0.7093328 0.5797074 0.6756712 0.5924674 0.4657148 0.1142834 0.8071975 0.8831103 0.4010403 0.4657993 0.4575535 0.6064029 0.01712223 0.9270798 0.6730543 0.05825981 0.8025441 0.4973858 0.6812437 0.8744547 0.1577089 0.08773672 0.1460213 0.2144581 0.3081692 0.4488887 0.1923001 0.8241817 0.01873854 0.3844699 0.5126967 0.04012845 0.9208837 0.8117708 0.8687515 0.7974495 0.2658988 0.2326921 0.2991808 0.7044068 0.9163603 0.1773481 0.3476601 0.2457426 0.3883635 0.1828262 0.6226382 0.1774546 0.7570397 0.869603 -9999 -9999 -9999 -9999 -9999 -9999 -9999 -9999 -9999 -9999 -9999
-9999 -9999 -9999 -9999 -9999 -9999 -9999 -9999 -9999 0.03977108 0.3569058 0.356424 0.1467685 0.569523 0.2073195 0.6990171 0.4356035 0.8169156 0.6468717 0.8878105 0.2814064 0.6057985 0.06257973 0.3845398 0.4406172 0.2079738 0.6916958 0.8812419 0.2334121 0.5846507 0.3153107 0.7780373 0.9970723 0.6786822 0.4871134 0.9929454 0.7307595 0.5700825 0.8598071 0.4162297 0.9941976 0.307326 0.1716818 0.321775 0.1227605 0.2269271 0.4558423 0.04799551 0.8214661 0.5738017 0.03459326 0.2607743 0.2003772 0.2349099 0.8614804 0.1109339 0.3139075 0.3986797 0.7734873 0.5987387 0.2665349 -9999 -9999 -9999 -9999 -9999 -9999 -9999 -9999 -9999 -9999 -9999 -9999
-9999 -9999 -9999 -9999 -9999 -9999 -9999 -9999 0.3385415 0.3072398 0.757331 0.09437908 0.2629108 0.7218086 0.9722368 0.438146 0.8124654 0.1920681 0.5791892 0.1010376 0.2269104 0.8278064 0.8258357 0.9296355 0.0136053 0.2490806 0.19635 0.8253459 0.4605035 0.8716173 0.395075 0.3364409 0.04362289 0.6961194 0.2559464 0.1602558 0.04154801 0.6639789 0.3901978 0.1180425 0.669463 0.6418958 0.3848474 0.1649791 0.04521642 0.09790412 0.364465 0.9978365 0.2999164 0.5313028 0.7287212 0.8227999 0.1455581 0.7189939 0.8782174 0.8459477 0.2121817 0.8407271 0.7410971 0.04888672 0.4670618 -9999 -9999 -9999 -9999 -9999 -9999 -9999 -9999 -9999 -9999 -9999 -9999
-9999 -9999 -9999 -9999 -9999 -9999 0.3712265 0.7224764 0.4151613 0.6611263 0.09810676 0.1437306 0.2484404 0.8137031 0.3351046 0.5339826 0.381768 0.1673757 0.9264591 0.5320082 0.9119238 0.774563 0.7083684 0.8922601 0.6929051 0.4040684 0.1889205 0.4724167 0.3537487 0.3587074 0.04443166 0.2092122 0.03900984 0.06246552 0.4946904 0.895048 0.4343964 0.7296878 0.619608 0.567885 0.6400606 0.4287992 0.6797749 0.3269178 0.4540455 0.8530573 0.503424 0.3865294 0.6283892 0.1108346 0.002299421 0.1810281 0.6603841 0.8479338 0.8789319 0.3326642 0.6814935 0.01443269 0.5878208 0.2954297 0.006422961 -9999 -9999 -9999 -9999 -9999 -9999 -9999 -9999 -9999 -9999 -9999 -9999
-9999 -9999 -9999 0.5069388 0.07475477 0.8517386 0.8543274 0.5341761 0.3246309 0.1092692 0.4022513 0.8793666 0.571704 0.1697597 0.001346876 0.05308561 0.2963179 0.8530888 0.6702345 0.3872127 0.8681749 0.9426512 0.00549188 0.6718947 0.850291 0.6914616 0.221937 0.9214147 0.353732 0.863414 0.5249426 0.3314678 0.2556314 0.872198 0.1272822 0.4903422 0.09298869 0.5803711 0.2230064 0.9065075 0.4447501 0.3210869 0.2308517 0.9151087 0.6146696 0.7049804 0.6196796 0.02586658 0.4274511 0.7747082 0.6284478 0.7748844 0.9506732 0.06964681 0.1932111 0.1428608 0.9549931 0.1632453 0.393656 0.6022087 0.9251342 -9999 -9999 -9999 -9999 -9999 -9999 -9999 -9999 -9999 -9999 -9999 -9999
-9999 -9999 0.1473563 0.02566628 0.7118679 0.3772661 0.1819224 0.6641097 0.5342478 0.8302099 0.4635374 0.7843211 0.08451396 0.1554403 0.4026103 0.7961715 0.89555 0.09303625 0.3957713 0.5373428 0.46754 0.4360094 0.8827569 0.3487668 0.8658689 0.07644676 0.7509505 0.04459617 0.8229288 0.9774345 0.65008 0.08920652 0.4063326 0.8832628 0.7795709 0.2937293 0.3160323 0.5804127 0.7110567 0.3446163 0.8728449 0.5218232 0.8085443 0.4767358 0.7608839 0.6269404 0.8087368 0.6034987 0.5863972 0.07004713 0.1240114 0.2165176 0.3155113 0.8693749 0.4305546 0.3672956 0.6533815 0.08949604 0.1041534 0.04344738 0.4272487 -9999 -9999 -9999 -9999 -9999 -9999 -9999 -9999 -9999 -9999 -9999 -9999
-9999 0.8467403 0.9551787 0.1434526 0.7080591 0.2032487 0.09721331 0.7444291 0.8770476 0.2559861 0.5803312 0.5699688 0.0426795 0.9324437 0.4927712 0.5833066 0.07597701 0.1716027 0.1673551 0.5556759 0.09950345 0.9163655 0.2315367 0.8966315 0.8674903 0.9223941 0.6457319 0.207027 0.9154953 0.445854 0.5424299 0.1171508 0.792092 0.8725647 0.6785856 0.9725161 0.6850902 0.3510561 0.3137943 0.9298086 0.7547883 0.4920318 0.3267456 0.02549039 0.4867564 0.1967377 0.3824604 0.7795589 0.3766504 0.676738 0.9628084 0.8969636 0.2595581 0.7275964 0.07280686 0.6291778 0.5963759 0.3189641 0.4352008 0.3584276 0.02971727 0.5635739 -9999 -9999 -9999 -9999 -9999 -9999 -9999 -9999 -9999 -9999 -9999
0.7640672 0.9764526 0.7351976 0.06834053 0.97974 0.666475 0.6194096 0.8006899 0.9661005 0.7884215 0.763867 0.4036616 0.03838847 0.7302974 0.6383889 0.6573586 0.5886414 0.8057215 0.0655927 0.03910333 0.4042977 0.8567089 0.2992637 0.1406746 0.5219564 0.1884859 0.2941298 0.9488249 0.1787937 0.1488357 0.229544 0.8015792 0.4241343 0.6644751 0.3495715 0.8328155 0.9536809 0.0469628 0.1819843 0.7176254 0.7288983 0.3806389 0.1986612 0.5309573 0.9440548 0.8050955 0.9798951 0.5320398 0.9034193 0.004678843 0.9451053 0.687087 0.3711146 0.2175224 0.7124566 0.7427851 0.9561277 0.07661126 0.1498854 0.6630594 0.09497526 0.5953779 -9999 -9999 -9999 -9999 -9999 -9999 -9999 -9999 -9999 -9999 -9999
0.8122189 0.1923325 0.02497966 0.9742658 0.6489527 0.6737585 0.1448029 0.7356421 0.8577442 0.2798817 0.2337951 0.3882356 0.9836041 0.01988137 0.2724603 0.8748575 0.4408818 0.9343238 0.4672089 0.4730507 0.6219085 0.3122039 0.7828284 0.2093971 0.9314207 0.818142 0.6819853 0.8402299 0.5592653 0.09223761 0.3842583 0.4612534 0.8038863 0.3850792 0.9572029 0.8085675 0.7590917 0.79041 0.5519469 0.3136005 0.176603 0.6379507 0.0958174 0.9744457 0.3168848 0.6088773 0.7544992 0.1061066 0.6007564 0.1364565 0.4762239 0.03214685 0.8742842 0.6543365 0.9304909 0.7802468 0.09945584 0.254994 0.1538194 0.8441665 -9999 -9999 0.2150311 0.07461499 0.4567972 -9999 -9999 -9999 -9999 -9999 -9999 -9999 -9999
