tests/data/testdata3.asc
ncols         279
nrows         271
xllcorner     166
yllcorner     -47.6
cellsize      0.05
NODATA_value  -9999
[rows 96 to 127 of 271, columns 144 to 215 of 279]
-9999 -9999 -9999 -9999 -9999 -9999 -9999 -9999 -9999 -9999 -9999 -9999 -9999 -9999 -9999 -9999 -9999 -9999 -9999 -9999 -9999 -9999 -9999 -9999 -9999 -9999 -9999 1.881456 1.178888 -0.268727 0.3765104 -0.3464729 -0.7384286 1.391873 -0.8170942 0.4256274 -0.7919818 -0.4138012 -0.2995102 0.3612349 -1.304676 0.5358704 -0.6099452 0.9521497 -0.8025039 -2.256159 0.04946864 -0.3449687 -0.5077492 -1.272184 3.409784 1.576327 0.9281366 0.7452431 -1.147782 -1.709971 0.06822185 -1.38496 1.12858 -0.5170801 0.2648443 0.01358142 -0.9361131 1.131939 -1.845901 -1.054896 0.4266298 -0.354907 -1.160415 0.8457574 0.3769116 -0.3362009
-9999 -9999 -9999 -9999 -9999 -9999 -9999 -9999 -9999 -9999 -9999 -9999 -9999 -9999 -9999 -9999 -9999 -9999 -9999 -9999 -9999 -9999 -9999 -9999 -9999 -9999 -1.80409 -0.5472957 0.01381051 -0.1805458 0.7987906 0.04913656 -0.599526 -0.1408238 -3.431342 -0.235048 0.4764181 0.0602652 0.2354104 -0.7613047 -0.8615866 -0.9180507 0.6974422 0.2854949 -0.6685371 -0.04217347 1.195565 -0.6373112 1.505538 -0.1273069 0.389346 -0.1592338 0.4654747 -0.04978668 0.07701904 0.6050352 -0.2730968 -0.6363008 1.166795 -0.04026428 -0.08493673 0.9651376 -0.05477365 1.317457 -0.4742883 0.9900084 -0.3655249 0.9049247 0.7267597 1.284439 -0.1545744 0.5711135
-9999 -9999 -9999 -9999 -9999 -9999 -9999 -9999 -9999 -9999 -9999 -9999 -9999 -9999 -9999 -9999 -9999 -9999 -9999 -9999 -9999 -9999 -9999 -9999 1.999742 1.767791 -0.537796 0.5330744 0.5824907 -0.04933819 -0.7545279 1.207846 -0.239249 0.02224479 -0.003311986 1.841892 -1.36194 0.5252199 -1.057438 -0.4028678 -0.813034 -0.1705428 -0.6672941 0.4965179 0.8520682 0.5166426 -1.695668 -1.800384 -2.299775 -0.253042 -0.2024288 -1.187092 -2.406771 -1.514118 0.5144485 1.369643 -0.4042399 -1.040155 -0.04090918 0.626527 -0.06198104 0.1616906 -0.6675493 0.2884108 1.73891 -1.540499 -0.4733636 -1.466109 -0.01556129 0.4537482 0.5409783 -0.025141
-9999 -9999 -9999 -9999 -9999 -9999 -9999 -9999 -9999 -9999 -9999 -9999 -9999 -9999 -9999 -9999 -9999 -9999 -9999 -1.63129 -0.7216965 1.074623 -1.126777 -0.2864067 -1.65236 -1.137189 2.146567 1.186774 0.8338816 0.9705966 0.614405 -1.230645 -1.07717 0.8888933 0.05817776 -0.6207474 -1.956757 -0.1002394 -0.400302 -0.8854187 -0.8286706 0.4850974 1.285276 -1.525997 1.059081 1.593421 0.2023857 0.8212104 0.4894002 -0.2024677 1.756458 1.852274 -1.188432 -0.6055663 0.3489968 0.3711125 1.284064 -1.224659 1.114434 -0.1789009 -0.17903 0.8283183 -0.8236704 -1.560352 0.8958967 -0.1585173 1.487215 -1.304097 0.5842506 1.287541 1.931334 -2.015116
-9999 -9999 -9999 -9999 -9999 -9999 -9999 -9999 -9999 -9999 -9999 -9999 -9999 -9999 -9999 -9999 0.3115728 -1.063969 -2.063867 1.01882 -0.1254346 1.282208 -0.4882537 0.6901824 0.4850848 1.292739 2.058324 1.129794 -0.4479181 -1.953248 -0.4967066 0.2502335 -0.5186381 -0.3792021 0.5845694 0.1795063 0.1312161 2.248718 -0.01862882 -0.009057961 -0.2145066 -0.3753507 0.4635671 1.790444 -0.3695101 0.8804665 0.4414275 0.2100053 0.3128477 0.7361049 -0.5942196 0.6378012 0.1402263 0.1889094 -0.7613836 -2.4617 1.125231 -0.06552049 -0.6764934 -0.415966 1.235105 -0.1165096 -0.4019895 0.1163648 -1.187209 -0.9318857 -0.07237092 0.5585388 1.210002 0.9729902 1.356007 -0.1159487
-9999 -9999 -9999 -9999 -9999 -9999 -9999 -9999 -9999 -9999 -9999 -9999 -9999 -9999 0.949245 1.834346 0.04286447 0.5194863 -0.06904737 -0.7699232 0.1885154 -1.019238 -0.3154174 1.155069 0.4238534 0.1132308 0.1648663 1.041558 -0.464249 0.6603215 0.3946611 0.3022273 -1.049142 -1.618557 -1.247573 0.5180357 1.194268 -0.003946842 0.6454045 0.1297387 1.112138 -0.3044507 0.7007756 0.7631429 0.09995495 0.5757605 0.9594028 0.5487077 -1.799241 2.041227 1.696501 0.3615489 0.7145205 -0.9478611 -0.08564793 -1.028519 -0.3453936 0.146871 -0.4427967 1.06747 -0.7760296 0.3269062 0.1911257 1.395368 1.812821 1.388058 0.80467 -0.2372906 0.77155 0.8194162 0.112151 -1.001295
-9999 -9999 -9999 -9999 -9999 -9999 -9999 -9999 -9999 -9999 -9999 -9999 0.8184075 0.06795117 -0.7285997 -1.287477 0.01209333 -2.408576 0.880802 -0.5894623 0.09661676 0.4090734 -0.3119412 -0.03885589 0.8284609 -0.3483233 3.171371 -0.3776442 0.001339568 -1.405863 -1.174682 -0.9276025 1.136579 -0.4905766 -0.5948419 1.196252 0.2052335 -1.364784 1.399925 0.4169874 -0.8421764 -1.541941 -0.2428111 0.3797401 1.387037 0.3152471 0.8827161 0.4347698 0.9747987 0.8947552 -0.2305522 -1.391562 1.962762 -0.3046209 1.948227 0.7728852 0.07751695 -0.7437744 1.014737 -1.4492 -1.035076 -0.3919147 -0.7007207 2.460286 0.3198584 -0.6090956 1.252935 -0.7387009 1.077897 -1.370225 -0.2073081 0.003188442
-9999 -9999 -9999 -9999 -9999 -9999 -9999 -9999 -9999 -9999 -9999 -9999 2.195557 -2.706512 -0.1971024 -0.2407988 -0.1852922 -0.2709688 -0.7679613 1.42593 0.4571329 1.667609 1.189342 0.8920947 0.8262239 1.808007 0.4838427 -0.639639 0.06330785 1.23073 0.6503389 -0.5190974 0.3804162 1.420348 0.2885214 0.4842653 0.805946 -0.8880892 -0.3540905 -0.05687971 0.1250722 -0.294303 0.2087811 -0.02017804 0.8692564 -0.6849934 -0.08767523 0.827741 -0.36968 -0.3655686 0.769326 -0.4654669 0.3448686 0.348354 0.3512846 0.09921154 -1.192082 0.7372954 0.5560149 -0.7303569 0.7696509 0.6123514 -1.161015 0.2666333 -0.6797565 -0.5344279 -0.9612812 -0.9881951 0.1933073 0.1351006 0.364885 -0.733314
-9999 -9999 -9999 -9999 -9999 -9999 -9999 -9999 -9999 -9999 -9999 -0.06166494 1.976551 -0.2581047 0.2904796 -0.7338758 0.8876646 0.9872847 1.908966 -0.1782282 -0.8127294 0.9290214 0.6745892 0.8387818 0.5417303 -1.395536 -0.462676 -0.1199116 -0.1919349 -1.597811 -0.147665 0.8048463 -0.1001471 1.272999 0.6476681 -0.1093687 -0.4838643 1.168033 1.139667 0.5284688 -0.4696123 0.8362131 1.130555 -0.154346 -0.9494281 -0.8752375 0.1928492 1.517179 0.7140003 -0.8668268 0.6182964 -1.386431 -1.495989 -0.8615087 0.3812858 -0.1734256 0.1558097 0.8481315 -0.4034254 2.28251 -0.9290894 0.2169852 1.50784 1.738919 -0.3067776 -0.2031726 -0.9682157 0.8005204 -0.6738929 0.05068741 -1.013749 -2.119927
-9999 -9999 -9999 -9999 -9999 -9999 -9999 -9999 -9999 -9999 -9999 -1.847878 -0.2847629 -0.9959841 -0.4939289 -0.8194929 -2.092849 -1.00513 -0.6418417 -1.059148 -0.3732451 -0.7665743 -0.6369213 -1.336505 -1.060695 3.339927 0.5264208 -1.730076 0.2393447 -1.386968 -1.22792 -0.5919855 0.3322921 -0.7334105 0.8472217 -0.7580379 0.9191958 -1.539691 -0.5684526 -0.2142323 -2.29229 1.164735 -1.243222 -0.00378774 0.9053528 0.9333014 0.9065741 0.540581 -2.035244 -0.9724364 0.8696008 -0.6423582 -0.9157967 0.7238298 0.7136914 -0.3412987 1.595514 0.9866831 0.6825782 -0.29425 -2.153117 -1.9503 -2.283999 2.677074 -0.7607771 0.2039362 0.09832286 -0.09628009 1.235384 0.9628212 -0.6280146 2.167701
-9999 -9999 -9999 -9999 -9999 -9999 -9999 -9999 -9999 -9999 -9999 -9999 0.7467023 -0.7020965 -1.154031 -0.2847246 -0.9669768 -0.6703902 -1.361353 -0.7362292 -1.549744 1.358395 -0.9551345 0.5237883 -1.14275 1.11412 -0.6734624 0.7302886 -0.1616303 0.7523901 0.207139 0.4314642 1.122338 -0.8912231 -0.4583405 -1.067591 -0.06937975 1.032232 0.5038983 -0.6677348 0.2840988 -1.182443 0.8709419 -0.4105868 -1.371835 1.382019 -2.112843 1.578436 0.3151735 -0.5244448 -1.062844 0.778796 0.1116196 -1.136764 -0.8252267 1.409906 1.367387 0.3015173 -0.2661036 0.6478875 0.4847762 0.4472189 0.2683385 0.3515274 -1.210514 0.5349758 -0.2730258 -0.1504359 0.4285562 -0.4422521 -0.9359165 0.4407303
-9999 -9999 -9999 -9999 -9999 -9999 -9999 -9999 -9999 -9999 -9999 -9999 -0.01545436 -0.08541825 -1.236628 -0.1609722 0.9063336 -1.258871 -0.1141063 -1.147829 -1.967887 -1.096802 -0.1275549 0.936583 0.8895965 0.9046199 0.5926149 -1.33251 -0.4688633 1.703352 0.2936364 -0.7201481 -1.535136 0.254501 -0.5889971 0.3348181 1.856809 -0.1990575 -1.166494 -0.950815 -1.324679 0.8302563 -0.7636652 0.5586579 0.9784129 -1.374248 -0.633064 -1.872592 -1.19238 0.9747602 -0.8782668 1.07476 -1.34957 1.070365 -0.05353571 0.1888031 -0.4302602 0.5523291 0.6499552 2.02639 -0.03673448 -1.436305 -1.012157 2.526355 0.8954758 0.2437245 -1.433703 -0.5455401 -0.2110909 -0.4546172 -0.4702784 0.4447305
-9999 -9999 -9999 -9999 -9999 -9999 -9999 -9999 -9999 -9999 -9999 -9999 -9999 1.339534 -1.094413 -0.2192471 -0.6531202 0.2795559 -0.9266604 -0.7433159 0.879643 -1.656222 0.5798395 -1.619901 -0.6827681 1.934692 1.195008 0.2234507 1.097622 0.8186253 -0.6249899 0.3042294 -0.7883954 0.4571524 0.3894133 0.4982006 1.548818 -0.8359472 0.6094522 0.1125386 1.828015 -0.466001 -1.593298 0.1778132 0.541912 0.3557524 -0.5184415 -0.5097441 -0.4495668 -0.9649327 1.683984 -0.2988898 0.4228722 1.670356 0.5122366 -0.9970784 0.3840559 0.06846531 -1.149584 -0.2015874 0.4902573 1.070087 0.425514 -1.118142 0.7492076 0.2838352 -0.9644455 0.8596192 -2.433688 0.05216591 0.9394429 0.08359143
-9999 -9999 -9999 -9999 -9999 -9999 -9999 -9999 -9999 -9999 -9999 -9999 -9999 -9999 -9999 -0.04321113 -0.08110856 0.9678559 -0.205666 -0.7638884 -0.5456063 -0.8723428 -1.1168 -1.833824 1.050272 0.3285494 0.4268214 -0.1987178 -2.165937 0.1905804 -0.8067787 -1.053999 -0.8963435 -0.2576674 0.9485333 -1.858928 -0.9254642 -2.166421 1.917738 -0.3026941 -1.007222 0.5175388 0.9766312 1.091136 -0.02430716 2.703149 0.2477373 0.8221568 1.264098 -1.134763 -0.407361 1.44132 0.4161944 -0.5885597 -0.4961811 0.903051 -0.4651099 -1.381946 -1.130788 0.03313956 -2.958441 0.07536844 1.503713 -0.8367119 -1.037697 1.278083 0.456314 -0.1140577 -0.8960017 -1.263732 -1.308648 -0.6029217
-9999 -9999 -9999 -9999 -9999 -9999 -9999 -9999 -9999 -9999 -9999 -9999 -9999 -9999 -9999 -9999 -9999 -0.3664549 2.27788 -0.6169124 0.2825607 -0.1986532 0.03479264 1.428761 0.7998097 0.64277 -1.796724 0.2629229 -1.09009 0.6869973 0.5373313 -0.9691795 -0.8271023 -0.7869208 1.088116 1.334184 0.5335743 0.8189177 -0.3355687 0.8675881 -0.1377078 0.9795241 -0.4444117 -0.4781592 -0.3696941 -0.5510848 -0.1368305 -1.834354 -1.182265 -1.228451 1.287739 -2.559382 1.956985 1.069326 0.6579044 -0.8504782 -1.276788 1.372634 -0.4738662 0.1677094 -0.5423713 0.6971582 0.6405764 0.4445003 0.02110079 -2.213921 -1.947449 0.431004 1.207873 -0.0321291 -1.527614 1.496217
-9999 -9999 -9999 -9999 -9999 -9999 -9999 -9999 -9999 -9999 -9999 -9999 -9999 -9999 -9999 -9999 -9999 -9999 -9999 -9999 -9999 -9999 -0.08367734 1.071945 0.05026104 0.1588311 0.7047704 -1.875754 -1.443208 2.092927 0.5462738 0.3640742 -0.5133488 -0.8791157 -1.557598 0.526607 -1.80328 -0.2277494 -0.7133538 -0.7992424 -1.753649 0.168962 -1.380166 1.421165 -0.4518363 1.079611 1.495023 0.7100671 0.03529921 0.7930747 0.4573112 -0.3095683 0.2386014 2.52357 -0.4238746 0.7551553 0.3789557 -0.9297686 -1.733622 -1.047136 0.03837705 0.6552098 0.05144325 1.167367 1.616549 0.149772 -0.4225282 -0.315626 0.9174958 -1.991964 0.5882209 -1.923508
-9999 -9999 -9999 -9999 -9999 -9999 -9999 -9999 -9999 -9999 -9999 -9999 -9999 -9999 -9999 -9999 -9999 -9999 -9999 -9999 -9999 -9999 -9999 -0.6888928 2.098596 -0.08699037 -0.438877 0.2373849 1.20937 -1.131812 -0.4447322 2.286564 -0.2528297 -0.0710786 1.173487 1.569505 0.4923295 -0.3310197 1.900478 -1.696721 -0.2872928 -2.260329 0.5624924 -0.01549425 1.282756 0.8270894 0.495759 0.0317689 -0.7137767 -2.397481 -0.6484969 -1.297474 0.46488 -1.738536 0.1402659 0.2750447 0.4958192 1.17954 -1.475181 -0.2915699 -0.4275842 0.5931105 -1.168417 0.7366822 0.3919113 -0.02114385 -0.7523597 0.0375619 1.582475 -0.07525865 -1.507914 -1.113684
-9999 -9999 -9999 -9999 -9999 -9999 -9999 -9999 -9999 -9999 -9999 -9999 -9999 -9999 -9999 -9999 -9999 -9999 -9999 -9999 -9999 -9999 -9999 -9999 0.01910098 1.113613 1.625875 -0.2100977 2.766171 2.632751 0.3782461 0.5363069 0.3243223 0.2478629 0.3631597 -1.295475 1.042135 -0.7966138 -0.06765009 0.2381853 0.3386036 -1.359094 -1.131857 -0.7384324 -0.1202578 0.1434091 0.2696897 -0.05688282 -0.8026982 0.2719399 -1.141619 0.8382897 -0.4641406 0.0628868 0.3485285 1.732978 0.7711761 0.8564927 0.5394723 -1.065685 1.610502 -1.195379 -0.5320843 1.38951 -1.2813 0.5531206 -0.9383374 -0.2954526 1.181572 0.8214913 -0.3058866 1.192966
-9999 -9999 -9999 -9999 -9999 -9999 -9999 -9999 -9999 -9999 -9999 -9999 -9999 -9999 -9999 -9999 -9999 -9999 -9999 -9999 -9999 -9999 -9999 -9999 -9999 -9999 -0.2036667 1.480502 -1.61019 1.456178 1.103441 2.599957 0.7418434 0.5331241 -0.8533767 -1.150435 0.6647958 1.405728 -1.495866 1.619855 -0.3174089 0.4599642 0.5825499 -0.7085314 -2.779984 0.5962211 0.5591808 0.1752994 -0.06790597 -0.192155 0.8134757 -0.0266473 -0.3472618 -0.937785 -0.9170137 0.655675 1.544039 1.099605 -1.978306 -1.508679 -0.8370661 0.2316886 -0.04189988 -0.3489058 0.7016218 -3.075559 -0.1372108 -0.6920592 0.9977762 -0.2644511 1.283819 -1.41058
-9999 -9999 -9999 -9999 -9999 -9999 -9999 -9999 -9999 -9999 -9999 -9999 -9999 -9999 -9999 -9999 -9999 -9999 -9999 -9999 -9999 -9999 -9999 -9999 -9999 -9999 -9999 -9999 -0.7926059 -2.425776 -0.7396884 0.2755208 -1.373023 0.2604105 -1.572585 -0.7384976 -1.275095 0.4080819 -0.01898139 0.6084698 0.006705397 0.7803433 0.4497854 -1.94219 -1.15723 1.169111 -0.2673841 -0.7064154 -0.7257352 -0.1478763 -1.206878 -0.3265303 1.45389 0.9894193 0.0280401 2.009217 1.960641 -0.6156105 -1.125786 0.5791057 1.061914 0.2912917 0.6630979 -0.2902062 1.643042 -0.7837386 -1.002714 -1.686385 0.5444184 0.6613683 -1.59063 0.4354737
-9999 -9999 -9999 -9999 -9999 -9999 -9999 -9999 -9999 -9999 -9999 -9999 -9999 -9999 -9999 -9999 -9999 -9999 -9999 -9999 -9999 -9999 -9999 -9999 -9999 -9999 -9999 -9999 -9999 -9999 -9999 -9999 -9999 0.5439903 -0.1500239 0.9450918 0.06220086 0.3287925 0.6502327 0.1022533 -0.8677329 -0.2431398 1.662008 -1.328329 -1.49688 0.8790135 -0.4646735 0.1088619 0.6498877 -0.2573654 -0.3612986 -0.1519712 1.474186 0.315819 -0.3531965 0.01755423 -0.6291621 -0.330346 0.1022182 -1.092452 -0.3567654 1.190059 -1.061754 -0.3816707 1.559855 0.6550441 1.087329 0.1545914 -0.7476988 2.33113 -0.2821038 -1.367004
-9999 -9999 -9999 -9999 -9999 -9999 -9999 -9999 -9999 -9999 -9999 -9999 -9999 -9999 -9999 -9999 -9999 -9999 -9999 -9999 -9999 -9999 -9999 -9999 -9999 -9999 -9999 -9999 -9999 -9999 -9999 -9999 -9999 -9999 -9999 0.1312291 0.07918736 0.9030142 1.043558 1.767013 -0.7027021 -0.3273743 1.120293 0.6999363 0.4901944 0.3112194 0.7862322 -0.5557535 -2.376102 2.475857 -0.5969602 1.026181 -0.5679808 1.088815 -0.1557826 -0.2660577 -0.6410952 -1.207665 0.6613889 -0.5937989 1.077687 -0.01126663 -0.8933681 1.077405 -2.041045 -0.5423642 -1.240224 0.08030153 0.1288409 -1.824999 0.6525266 0.9110571
-9999 -9999 -9999 -9999 -9999 -9999 -9999 -9999 -9999 -9999 -9999 -9999 -9999 -9999 -9999 -9999 -9999 -9999 -9999 -9999 -9999 -9999 -9999 -9999 -9999 -9999 -9999 -9999 -9999 -9999 -9999 -9999 -9999 -9999 -9999 -9999 -9999 0.7955073 -0.02442938 1.690013 -0.9280338 0.8925714 1.99103 0.6389779 -0.5887919 0.2074585 -2.65439 1.717407 -1.464043 -0.2526913 0.4791054 1.090044 -0.7330525 0.453274 0.9966629 -0.6217653 1.213337 0.1582568 -0.5411813 -0.3837596 -1.580258 0.9636878 -1.280351 0.01516048 -0.04649836 -1.285769 -0.7740713 -0.2487845 -0.8854874 1.048809 0.7624682 1.420714
-9999 -9999 -9999 -9999 -9999 -9999 -9999 -9999 -9999 -9999 -9999 -9999 -9999 -9999 -9999 -9999 -9999 -9999 -9999 -9999 -9999 -9999 -9999 -9999 -9999 -9999 -9999 -9999 -9999 -9999 -9999 -9999 -9999 -9999 -9999 -9999 -9999 -9999 0.7465442 -0.09680936 0.1159695 0.3541715 1.615283 0.05118381 0.08026649 -2.293468 0.03214427 -0.5987507 0.3049398 -0.3403096 1.377723 1.224424 -0.5778307 0.6617574 1.265614 0.9750494 1.071523 -0.3957101 -0.2145493 0.6706909 -0.4021149 1.147292 0.3000036 -0.9916092 0.5410062 -0.5900144 -0.1581066 -0.1952333 -0.5823095 0.3363253 0.3011952 0.381102
-9999 -9999 -9999 -9999 -9999 -9999 -9999 -9999 -9999 -9999 -9999 -9999 -9999 -9999 -9999 -9999 -9999 -9999 -9999 -9999 -9999 -9999 -9999 -9999 -9999 -9999 -9999 -9999 -9999 -9999 -9999 -9999 -9999 -9999 -9999 -9999 -9999 -9999 -9999 -0.5291911 0.5721349 -0.3846827 -0.831931 -0.3986642 -0.6898075 0.8214276 0.01231612 -0.6595669 -1.044132 0.8352036 0.7979111 3.121108 -2.217949 1.058017 0.1303678 2.073823 -1.18383 -1.36958 -1.208967 -1.061866 -0.8884506 1.227827 1.201556 -1.538467 -0.1819221 -1.977651 -0.6442159 -2.28205 -0.9370728 0.9575288 2.462693 -0.1076352
-9999 -9999 -9999 -9999 -9999 -9999 -9999 -9999 -9999 -9999 -9999 -9999 -9999 -9999 -9999 -9999 -9999 -9999 -9999 -9999 -9999 -9999 -9999 -9999 -9999 -9999 -9999 -9999 -9999 -9999 -9999 -9999 -9999 -9999 -9999 -9999 -9999 -9999 -9999 -0.9996029 1.398769 -1.070911 0.5197576 -1.036252 -0.4405505 -0.6234524 0.9672301 -3.712964 -0.8869768 0.9278259 -0.2408436 -0.6034772 0.9319314 -0.2932015 -0.3414073 -0.2155674 -0.4887331 0.9354562 0.3846542 0.835641 -2.457413 0.124599 0.1426258 -1.99965 0.05114685 0.5041962 1.725576 -1.621402 0.173287 -0.3207365 0.5208847 -0.07431802
-9999 -9999 -9999 -9999 -9999 -9999 -9999 -9999 -9999 -9999 -9999 -9999 -9999 -9999 -9999 -9999 -9999 -9999 -9999 -9999 -9999 -9999 -9999 -9999 -9999 -9999 -9999 -9999 -9999 -9999 -9999 -9999 -9999 -9999 -9999 -9999 -9999 -9999 -9999 -9999 -0.8083023 -0.1133891 0.02455821 -0.3952846 0.6278071 -1.287356 1.096257 0.4250244 -0.9707538 -1.090151 -0.1742559 -0.7635417 -0.8973897 1.726478 1.075139 -3.036508 -0.8829995 0.02427603 -1.068306 0.9253213 0.04698514 2.143784 -0.866322 -0.4197927 -0.1949757 -1.556639 0.4524009 0.2399268 0.3588955 0.4006762 2.264687 -0.75528
-9999 -9999 -9999 -9999 -9999 -9999 -9999 -9999 -9999 -9999 -9999 -9999 -9999 -9999 -9999 -9999 -9999 -9999 -9999 -9999 -9999 -9999 -9999 -9999 -9999 -9999 -9999 -9999 -9999 -9999 -9999 -9999 -9999 -9999 -9999 -9999 -9999 -9999 -9999 -9999 -1.060597 1.691548 -1.667958 1.324028 -0.2482345 -0.12099 -1.959604 1.293102 -2.923261 -0.5334307 -0.9367184 -0.5624322 0.5239418 0.8203508 -0.5146914 0.2845067 -0.9347115 0.1195132 0.5754575 -0.7375547 0.7783976 0.08593926 1.521274 -2.418012 -1.689695 -1.057267 1.690496 0.3139829 -1.389886 0.6607869 -0.2426152 -9999
-9999 -9999 -9999 -9999 -9999 -9999 -9999 -9999 -9999 -9999 -9999 -9999 -9999 -9999 -9999 -9999 -9999 -9999 -9999 -9999 -9999 -9999 -9999 -9999 -9999 -9999 -9999 -9999 -9999 -9999 -9999 -9999 -9999 -9999 -9999 -9999 -9999 -9999 -9999 -9999 -1.075645 0.7535181 1.615298 -0.5351757 1.065245 0.4348722 -0.9318132 0.07970973 1.02448 0.5474621 0.0109591 0.1150162 0.02544829 -0.3034509 0.4547385 1.440131 0.9757309 1.736583 -0.7890008 1.530703 0.02458305 -0.7073399 0.3040992 -1.91896 1.049271 0.8713757 -0.00339576 -0.309132 -0.3775299 0.3240721 -9999 -9999
-9999 -9999 -9999 -9999 -9999 -9999 -9999 -9999 -9999 -9999 -9999 -9999 -9999 -9999 -9999 -9999 -9999 -9999 -9999 -9999 -9999 -9999 -9999 -9999 -9999 -9999 -9999 -9999 -9999 -9999 -9999 -9999 -9999 -9999 -9999 -9999 -9999 -9999 -9999 -9999 0.5299935 -1.264351 0.9471897 -0.7707746 -1.509348 -1.696016 1.03454 0.04505516 -0.6268103 0.491981 0.1336747 0.3083702 -1.214308 -0.7682914 0.2867551 -0.6684853 -1.252668 1.729443 -0.2392587 -0.3654256 0.4182644 0.245792 0.8640255 0.2224394 -0.8298631 1.241145 0.3215291 -1.731522 1.06682 -9999 -9999 -9999
-9999 -9999 -9999 -9999 -9999 -9999 -9999 -9999 -9999 -9999 -9999 -9999 -9999 -9999 -9999 -9999 -9999 -9999 -9999 -9999 -9999 -9999 -9999 -9999 -9999 -9999 -9999 -9999 -9999 -9999 -9999 -9999 -9999 -9999 -9999 -9999 -9999 -9999 -9999 -9999 -9999 -0.1533404 -0.9332056 -1.131242 0.1275001 -1.321921 0.8094906 -0.1213174 -0.3733386 1.026963 2.764012 -0.7100447 -0.2343363 1.523966 0.2203093 1.256718 1.779369 -0.9389367 -1.176179 1.382987 0.3535139 -0.676647 0.819617 0.03460328 0.2113562 0.597339 0.7103788 1.225355 0.7484557 -9999 -9999 -9999
-9999 -9999 -9999 -9999 -9999 -9999 -9999 -9999 -9999 -9999 -9999 -9999 -9999 -9999 -9999 -9999 -9999 -9999 -9999 -9999 -9999 -9999 -9999 -9999 -9999 -9999 -9999 -9999 -9999 -9999 -9999 -9999 -9999 -9999 -9999 -9999 -9999 -9999 -9999 -9999 -0.1518008 0.3473102 -1.185321 -0.8298458 -0.6427789 1.363924 -2.05738 0.1209147 0.7029566 0.5657896 0.8502471 0.1968277 0.7022302 -0.7077363 -0.01506662 -0.1889457 0.4014003 0.1338347 0.3203301 0.5029802 -0.6548597 0.03189699 -0.127124 -1.653592 -0.08434116 -0.661373 -0.5607837 -0.5511606 -9999 -9999 -9999 -9999
