tests/data/testdata3.asc
ncols         279
nrows         271
xllcorner     166
yllcorner     -47.6
cellsize      0.05
NODATA_value  -9999
[rows 192 to 223 of 271, columns 72 to 143 of 279]
-0.5668803 -0.9867333 1.708454 0.8265153 0.9986082 -1.006663 0.3328263 -1.263709 -1.282853 -1.402545 0.09279554 -0.8728932 0.5084087 1.31018 -0.224 -0.7238646 0.1069152 -0.4115017 2.027274 -0.9734691 -0.09212034 -1.252189 0.1638725 -1.543403 0.9190404 0.6508035 -0.6449583 0.1652979 -1.120914 -1.970047 0.9730892 -1.020472 0.3372122 -0.1351371 0.2129421 0.2197303 -0.0653868 -0.4538873 -0.799288 0.5613467 0.3365924 0.4669742 0.7226273 0.103633 -0.5930699 -0.9336594 0.8068517 0.4749919 0.2468689 -0.8801681 0.2320527 -1.586554 -0.620807 0.8318847 -0.6299637 -0.268142 -0.4566226 -0.9478387 -1.587533 -0.03173811 -0.07188481 -0.6168896 -0.04690444 -1.712451 -0.05994952 -0.07095256 -1.068862 -0.3104323 -0.5855149 -9999 -9999 -9999
-2.130679 -0.103846 1.305216 1.799938 -0.9252865 -0.6091306 0.07759412 1.47894 0.6445822 -0.4662575 1.868054 -0.3293106 -1.072732 1.158599 -0.4211791 0.03649175 -1.226752 -0.1320069 0.3806233 -0.9590603 0.2137347 -0.4911851 -0.3543415 0.2023844 -1.651852 0.3497832 -0.1067645 -0.7073746 0.823949 -0.3298263 1.223947 -0.9902771 -1.443627 -0.9163359 0.813293 0.3081172 -1.091112 -0.8137366 -1.295469 2.399956 -0.5701216 -1.652088 -0.1728736 0.3187318 0.2751471 0.298247 -1.329623 -0.3475092 0.5252352 2.127052 0.8963735 0.6176515 0.4241615 -1.15209 -0.6598809 -0.7372545 0.7552558 -0.3148121 0.8180776 0.8041505 1.036651 0.6020004 -0.1604463 1.207463 1.613029 -0.2600644 -0.2681652 -0.03566372 1.036296 -0.6553401 -9999 -9999
-0.6634476 -0.05620435 0.4306635 2.011265 0.08641762 -0.5749177 -0.7354727 1.657449 -0.6984971 -0.06529637 0.3836125 -0.5793985 2.140469 -0.115681 -0.4904141 -1.449943 -1.070963 0.6672649 -0.8391254 -0.2493073 -1.609954 0.8252262 1.336231 0.3004757 0.004425547 0.9425539 1.32208 -1.317461 -1.820113 -1.732167 -0.5590577 0.1567644 0.04594303 -1.352679 -0.1806624 -0.5597099 -1.932455 -0.09811717 1.076684 -2.027514 0.5736587 -0.3019038 -0.1091473 -1.010055 -0.6349567 0.8340421 -0.4704755 -0.6480898 -1.355644 1.937776 0.6969753 -2.111648 -2.139697 0.3121772 -0.4454858 -1.681142 -0.2762777 0.6749958 1.06496 -1.118366 -0.2200293 -0.8589339 -1.179454 0.214427 -0.7888113 -0.7863182 -9999 -1.060921 -1.510926 -1.22235 -9999 -9999
-1.294722 -0.06293193 0.08940291 -0.06901004 -0.8202761 0.2398532 1.527061 -2.397447 0.2232506 -0.2123805 0.810181 0.8325158 0.214585 -0.08660035 0.3768832 0.8523937 0.8557216 -1.765385 -0.7257884 -1.145065 0.4978123 0.3532132 -0.1089548 1.808616 0.5791833 -1.945673 1.316816 0.1067505 -0.1828387 -0.7120764 -0.3207659 -0.2789898 -0.005930854 -0.7024484 -0.01135738 0.6112203 0.1626803 -0.159423 -1.833828 0.5929741 1.016815 0.135673 -0.3417847 -2.494489 -0.3562381 -1.629944 -0.3922922 -0.5302433 1.76701 1.090388 1.394443 1.345069 -0.6341868 -0.270178 0.02629494 -0.8531399 -0.9459649 -1.298148 -0.1449544 -0.9904743 0.9871061 0.08548808 0.9287775 1.576002 0.4324835 0.0854416 -9999 -1.118133 0.3334975 1.431923 -9999 -9999
-0.5442048 -0.7539166 -1.256343 -0.3092062 -1.725019 -1.470458 -0.03745645 -1.073569 -0.1401417 0.948992 0.5468286 -0.07186432 0.8678443 0.6731998 -0.780099 0.3380652 -0.6686216 0.8149858 0.07052854 1.468196 2.363214 0.1919529 -1.312773 0.2039789 0.4290041 0.4498461 0.6110533 0.1679299 -0.6339785 1.259537 -1.144471 -1.629741 2.860242 0.5660094 0.9376189 0.2472047 0.09896764 1.195584 -0.3893471 -0.5214462 -0.8367156 0.6619234 0.6089537 -0.2855188 0.6352707 1.392209 -1.488683 0.004858781 0.5316251 -1.144163 -0.1219683 0.9181975 -0.9514493 -0.6633475 -9999 -9999 -9999 -9999 -9999 -9999 -9999 -9999 -9999 -9999 -0.5458441 1.869114 0.969954 1.44004 -9999 -9999 -9999 -9999
0.3904068 -1.904446 0.1997731 -0.2993233 -0.4052807 0.7966647 -0.5144724 -0.152141 -0.2574231 0.427134 -0.06865193 -0.08567315 -0.8018035 -0.3993526 -0.9566835 -0.1050758 -1.830707 2.080592 0.8760085 1.496775 0.1470424 -1.271995 -1.681567 0.3392174 1.347177 -1.371495 -0.5829175 0.9055421 3.155812 0.319682 -0.7797505 0.4959549 1.635686 -1.942302 0.4336062 0.2726615 1.254171 -3.077736 0.2781361 1.126822 1.122089 1.189364 -2.214074 -0.8198429 0.001869855 -1.735529 -0.2771724 -1.412069 1.486898 -1.787387 -9999 -9999 -9999 -9999 -9999 -9999 -9999 -9999 -9999 -9999 -9999 -9999 -9999 -9999 -9999 -9999 -9999 -9999 -9999 -9999 -9999 -9999
0.7549635 -0.3079524 0.54392 -0.3888015 0.2378651 1.942807 -1.163416 0.7134874 1.015003 -0.3561654 -2.349304 0.6053508 0.9150363 1.352698 -1.336331 -0.4870181 1.179524 -0.2400087 -0.007603107 1.106005 0.7457869 0.5865332 1.054467 -0.1902 -0.7291382 0.3850268 -0.6154259 -0.07415263 -0.5212716 -0.2055966 0.3785698 -0.1772911 1.599974 -0.7634393 -1.843869 1.778511 0.6604207 2.284033 0.2979937 -0.8799215 -1.391196 -0.1520122 0.4343161 -0.1120914 -0.7034185 -0.1277325 -1.143474 -0.6349137 -9999 -9999 -9999 -9999 -9999 -9999 -9999 -9999 -9999 -9999 -9999 -9999 -9999 -9999 -9999 -9999 -9999 -9999 -9999 -9999 -9999 -9999 -9999 -9999
-0.2231588 -0.6721401 0.005788926 1.690459 0.1446387 0.3430988 1.261855 0.8475518 -1.616854 -0.1945573 -0.420446 -2.586399 0.04929705 2.416348 -1.103945 0.6413252 0.1870275 1.021488 0.7436922 0.1668306 -0.2107542 -0.1197059 0.590829 -1.017111 -0.6040906 -0.8841354 0.4081691 0.4109143 -0.5478399 -1.49047 -0.2464634 -1.997118 1.026316 0.5518678 1.210914 -0.4612616 -0.1817793 0.1342282 -0.09452747 0.594648 2.344277 1.23951 1.801573 0.0240393 -0.2192201 -0.3761559 -9999 -9999 -9999 -9999 -9999 -9999 -9999 -9999 -9999 -9999 -9999 -9999 -9999 -9999 -9999 -9999 -9999 -9999 -9999 -9999 -9999 -9999 -9999 -9999 -9999 -9999
0.201091 0.9744676 1.68491 0.6114409 -0.5638568 0.5707726 0.5121438 0.02763227 -0.3461632 -1.66462 -0.273962 0.3604024 0.4721966 -0.9805275 0.2732501 1.178085 -0.005340421 1.289883 0.7605844 -1.07219 1.201543 0.4328154 -1.055254 0.08398507 -2.076907 0.06053163 -1.376488 1.478208 -0.4974345 -1.183331 0.2339589 0.3815123 1.112464 -1.595879 1.03756 -0.2518642 0.6541254 -1.049867 0.2279703 0.07289962 -0.2624818 -0.683075 -0.7909013 -9999 -9999 -9999 -9999 -9999 -9999 -9999 -9999 -9999 -9999 -9999 -9999 -9999 -9999 -9999 -9999 -9999 -9999 -9999 -9999 -9999 -9999 -9999 -9999 -9999 -9999 -9999 -9999 -9999
-0.4587289 0.4473473 -2.476666 -1.878814 1.88778 -1.121297 -0.3687431 -1.168688 0.3881108 0.1292964 0.4649566 1.158042 -1.660379 1.822737 -0.5100954 0.005507207 -1.041952 0.2746839 -0.04722229 1.555255 -1.010652 -1.140701 1.987431 0.04498976 0.3031699 -1.005164 2.389569 -0.264397 -0.6846671 -0.1857143 -1.414211 0.218001 -0.7132572 3.682729 0.06470389 -0.7710968 -1.565349 -0.6077838 -0.8458729 0.4155536 0.3854539 -9999 -9999 -9999 -9999 -9999 -9999 -9999 -9999 -9999 -9999 -9999 -9999 -9999 -9999 -9999 -9999 -9999 -9999 -9999 -9999 -9999 -9999 -9999 -9999 -9999 -9999 -9999 -9999 -9999 -9999 -9999
1.32631 0.8737206 0.7532881 -0.1696542 -0.5252659 1.884493 -1.235043 0.436687 -1.577749 1.788503 -0.7797974 0.4240441 0.5231787 1.675161 0.1782414 -0.8248111 0.1455075 -0.9558758 -0.06936523 0.04172701 1.892626 -0.3677322 -0.7730966 2.014506 -0.6933979 -1.940727 0.2036981 0.6332211 -1.026309 0.4810581 -0.7112604 1.082556 -3.318225 2.054863 0.5213363 0.6751894 -0.7308356 -0.9984766 -0.5466017 -9999 -9999 -9999 -9999 -9999 -9999 -9999 -9999 -9999 -9999 -9999 -9999 -9999 -9999 -9999 -9999 -9999 -9999 -9999 -9999 -9999 -9999 -9999 -9999 -9999 -9999 -9999 -9999 -9999 -9999 -9999 -9999 -9999
0.8506459 -0.4513842 -0.04330911 0.06729752 -1.342201 1.945584 -0.281006 -0.3126549 0.3422702 0.7925235 -0.01982485 -0.4492882 -0.9960377 0.7345312 0.7187508 0.3140174 -0.3640564 -1.020252 -1.062769 -1.535598 -1.473542 -0.4552275 0.08247013 -0.486276 1.460403 -1.172024 -1.976136 -0.8291134 -0.3443977 0.5864324 2.052464 -0.2083487 0.2383299 0.2205468 -1.491532 2.70165 -1.462091 -9999 -9999 -9999 -9999 -9999 -9999 -9999 -9999 -9999 -9999 -9999 -9999 -9999 -9999 -9999 -9999 -9999 -9999 -9999 -9999 -9999 -9999 -9999 -9999 -9999 -9999 -9999 -9999 -9999 -9999 -9999 -9999 -9999 -9999 -9999
0.5307581 1.871177 -0.5326232 0.780526 0.5804312 0.6538478 0.9971788 -0.4780416 0.06044465 -0.08391341 1.028921 0.9300693 -1.233627 0.3240327 0.08826102 1.279005 -1.583125 -0.03488184 1.017931 1.501913 -0.8966476 -2.135459 0.5384651 0.4607987 -0.5006651 -0.7230403 0.5510882 0.4767236 -0.9837782 0.02381272 1.491993 -0.1701576 -1.085338 -2.236829 -0.2742776 -9999 -9999 -9999 -9999 -9999 -9999 -9999 -9999 -9999 -9999 -9999 -9999 -9999 -9999 -9999 -9999 -9999 -9999 -9999 -9999 -9999 -9999 -9999 -9999 -9999 -9999 -9999 -9999 -9999 -9999 -9999 -9999 -9999 -9999 -9999 -9999 -9999
1.077564 -0.2105791 -0.2538016 1.722302 0.8034167 -1.782206 -0.1200227 -0.04860672 -1.646834 0.103677 0.5304207 0.949713 -0.5088876 2.731001 0.9995301 0.3316132 0.264931 -1.191175 -0.6782187 1.35173 -2.600869 -0.5155645 -1.212284 0.2485069 0.1995026 0.4887289 -1.49205 -0.9663962 -0.8074843 0.9579044 -0.1049453 -0.456721 -0.2340741 -1.482724 -9999 -9999 -9999 -9999 -9999 -9999 -9999 -9999 -9999 -9999 -9999 -9999 -9999 -9999 -9999 -9999 -9999 -9999 -9999 -9999 -9999 -9999 -9999 -9999 -9999 -9999 -9999 -9999 -9999 -9999 -9999 -9999 -9999 -9999 -9999 -9999 -9999 -9999
-0.3816127 0.7274308 0.1265947 -1.802899 -0.8692157 -0.08111179 0.5310396 -0.2152002 -1.074275 -1.08526 1.225603 -0.6508629 -0.6178623 -0.9157575 0.8033434 0.3303014 1.016859 -0.1648279 1.702971 1.541962 -0.4684872 -0.4704231 -1.289281 1.225119 0.3576611 0.9999653 1.060832 0.6639691 -1.580796 0.5213505 0.8896648 -1.51259 1.392608 -9999 -9999 -9999 -9999 -9999 -9999 -9999 -9999 -9999 -9999 -9999 -9999 -9999 -9999 -9999 -9999 -9999 -9999 -9999 -9999 -9999 -9999 -9999 -9999 -9999 -9999 -9999 -9999 -9999 -9999 -9999 -9999 -9999 -9999 -9999 -9999 -9999 -9999 -9999
0.7001849 -1.274922 -0.4470116 -0.1393827 -0.1198404 1.120955 -0.128652 1.519512 0.5078672 -0.4652488 -0.4939777 -2.097706 -1.320428 0.8712922 -0.01051654 -0.4111998 -0.1235778 -0.3829274 1.825429 -1.551986 -0.9130923 -0.2578793 -0.5610801 -1.667571 -2.392494 -1.33797 1.017942 -1.192008 1.636605 -0.1160394 -0.02057603 -1.428094 1.170304 -9999 -9999 -9999 -9999 -9999 -9999 -9999 -9999 -9999 -9999 -9999 -9999 -9999 -9999 -9999 -9999 -9999 -9999 -9999 -9999 -9999 -9999 -9999 -9999 -9999 -9999 -9999 -9999 -9999 -9999 -9999 -9999 -9999 -9999 -9999 -9999 -9999 -9999 -9999
-0.1745389 -0.4115978 -0.679095 -1.903071 -1.553332 0.2823685 0.06062407 0.06229647 0.04013686 -0.8524689 -0.9175466 -2.10167 1.274485 -1.576761 0.04751174 0.1349353 0.8359733 0.0112952 1.082888 -0.5175071 1.101215 -0.05588017 -0.1738073 -0.2449103 -0.3289885 -1.634908 -0.7481495 -0.102867 0.2186329 1.075641 1.520805 -0.1479558 0.8821964 -9999 -9999 -9999 -9999 -9999 -9999 -9999 -9999 -9999 -9999 -9999 -9999 -9999 -9999 -9999 -9999 -9999 -9999 -9999 -9999 -9999 -9999 -9999 -9999 -9999 -9999 -9999 -9999 -9999 -9999 -9999 -9999 -9999 -9999 -9999 -9999 -9999 -9999 -9999
-0.145353 0.7997537 0.07683991 2.779218 -0.9877035 0.4921258 0.8405855 -1.073865 -0.7453191 -0.1927278 -0.465742 -0.9186152 1.388582 2.175157 -0.8122901 0.2683196 -0.0939906 1.293451 0.351122 -0.1230401 0.9353122 -0.1165667 -0.3322209 1.018451 -1.323187 0.8745989 0.305032 -3.191953 1.518469 0.605719 1.890129 -0.2252041 -9999 -9999 -9999 -9999 -9999 -9999 -9999 -9999 -9999 -9999 -9999 -9999 -9999 -9999 -9999 -9999 -9999 -9999 -9999 -9999 -9999 -9999 -9999 -9999 -9999 -9999 -9999 -9999 -9999 -9999 -9999 -9999 -9999 -9999 -9999 -9999 -9999 -9999 -9999 -9999
0.8321519 0.8084183 -0.5422747 0.5727504 -0.3100093 1.059054 0.2132081 0.2905423 -0.9262101 0.6081443 -0.9537623 0.8025925 -0.1301066 0.4820704 1.966175 -0.5592057 0.8738803 0.157261 0.459806 -0.6783539 0.8515425 -0.7442932 0.8956212 -0.1378897 0.4061769 0.5672137 1.843872 1.345075 1.651255 0.3460764 -0.9027063 -9999 -9999 -9999 -9999 -9999 -9999 -9999 -9999 -9999 -9999 -9999 -9999 -9999 -9999 -9999 -9999 -9999 -9999 -9999 -9999 -9999 -9999 -9999 -9999 -9999 -9999 -9999 -9999 -9999 -9999 -9999 -9999 -9999 -9999 -9999 -9999 -9999 -9999 -9999 -9999 -9999
-0.5391443 0.4119942 -1.496834 0.1719696 -1.838233 -0.6343848 -0.1667507 -0.3080653 0.661662 2.237543 1.271318 -0.1636605 1.295216 -0.2829604 -0.2318334 1.59266 -0.2444164 -0.7870121 -1.885596 -0.1850493 0.2590002 1.012525 0.5433919 -1.268089 1.767646 -0.6576969 -0.3622127 -0.2894001 -1.132137 1.069298 0.4177302 -9999 -9999 -9999 -9999 -9999 -9999 -9999 -9999 -9999 -9999 -9999 -9999 -9999 -9999 -9999 -9999 -9999 -9999 -9999 -9999 -9999 -9999 -9999 -9999 -9999 -9999 -9999 -9999 -9999 -9999 -9999 -9999 -9999 -9999 -9999 -9999 -9999 -9999 -9999 -9999 -9999
-1.489255 -0.2557462 -1.716735 0.2313835 -0.5656449 0.6082683 0.3546484 0.09606954 -0.8242692 -0.5070757 -1.312624 -0.2528322 -0.1233275 0.39527 0.01530555 -0.1099768 0.9812315 -1.047701 0.0666423 -0.6596454 0.327262 0.9760936 0.8470191 1.008509 -0.6025411 -0.7927716 -0.04637821 -0.674964 -0.7724255 1.245877 -1.283883 -9999 -9999 -9999 -9999 -9999 -9999 -9999 -9999 -9999 -9999 -9999 -9999 -9999 -9999 -9999 -9999 -9999 -9999 -9999 -9999 -9999 -9999 -9999 -9999 -9999 -9999 -9999 -9999 -9999 -9999 -9999 -9999 -9999 -9999 -9999 -9999 -9999 -9999 -9999 -9999 -9999
0.04484701 -0.0586441 -1.108818 0.4981689 0.1143211 -0.2521469 -0.9675701 0.07909831 0.6147884 0.2739913 0.861342 -1.025481 -2.235983 -1.585768 0.6014858 -0.6854876 0.4092045 0.7897856 -0.9165705 -0.9386978 -0.594515 -2.500029 0.9934308 -0.4934292 0.6815065 0.3796626 -0.6900217 0.9146095 -0.5199917 0.4307036 -0.02798222 -9999 -9999 -9999 -9999 -9999 -9999 -9999 -9999 -9999 -9999 -9999 -9999 -9999 -9999 -9999 -9999 -9999 -9999 -9999 -9999 -9999 -9999 -9999 -9999 -9999 -9999 -9999 -9999 -9999 -9999 -9999 -9999 -9999 -9999 -9999 -9999 -9999 -9999 -9999 -9999 -9999
-1.559434 -0.16123 0.4352034 0.5947078 0.1485621 -1.970798 -1.107005 -0.9235325 1.40842 -1.636579 0.3998864 -1.001274 0.7209781 -0.777284 1.385382 -1.479997 0.5180016 -0.8739318 0.5763837 -0.6995533 -0.8477155 -0.5936217 0.9690406 -0.2185332 -0.01178533 -0.3518321 -1.029872 -0.4320534 0.957337 -0.1164508 1.432701 -9999 -9999 -9999 -9999 -9999 -9999 -9999 -9999 -9999 -9999 -9999 -9999 -9999 -9999 -9999 -9999 -9999 -9999 -9999 -9999 -9999 -9999 -9999 -9999 -9999 -9999 -9999 -9999 -9999 -9999 -9999 -9999 -9999 -9999 -9999 -9999 -9999 -9999 -9999 -9999 -9999
-0.2498668 -0.8339645 -0.1947974 1.431922 -1.738092 -0.5461381 2.922604 1.085755 -0.8643358 1.498116 0.3721154 -0.2415224 0.8702927 1.310086 -0.3232 1.208018 -0.9862936 -0.0235803 0.6312798 -0.7876856 -0.05812925 -0.05285592 -0.3161757 -0.1183341 -0.4277911 -0.8340853 -0.7416737 -1.56343 -0.3184001 1.275268 0.004611105 1.979325 -9999 -9999 -9999 -9999 -9999 -9999 -9999 -9999 -9999 -9999 -9999 -9999 -9999 -9999 -9999 -9999 -9999 -9999 -9999 -9999 -9999 -9999 -9999 -9999 -9999 -9999 -9999 -9999 -9999 -9999 -9999 -9999 -9999 -9999 -9999 -9999 -9999 -9999 -9999 -9999
1.672056 0.05090773 0.1510362 0.3538549 0.05880143 -2.682667 0.4243012 0.754322 0.8703758 -1.953953 1.292727 -0.4441318 -0.5753664 1.19709 0.02106029 0.973308 -1.029447 -1.521364 0.4989592 -0.926432 1.179039 0.309701 -0.162144 -0.03540526 -1.472311 -0.9055365 0.1167291 -0.8721998 -1.501934 -0.1398201 -0.426338 -9999 -9999 -9999 -9999 -9999 -9999 -9999 -9999 -9999 -9999 -9999 -9999 -9999 -9999 -9999 -9999 -9999 -9999 -9999 -9999 -9999 -9999 -9999 -9999 -9999 -9999 -9999 -9999 -9999 -9999 -9999 -9999 -9999 -9999 -9999 -9999 -9999 -9999 -9999 -9999 -9999
-0.1245324 1.009583 1.305024 -0.594399 0.401519 -1.132687 -0.4050072 -0.259064 0.3567167 -0.3207287 1.8362 -0.9732841 0.8925363 -0.1121584 -0.2530673 2.317495 0.9725019 -0.06509437 -0.04468118 -0.9615548 0.7617536 0.9076299 -2.373626 1.348775 1.067355 0.338492 1.322077 -1.049801 -0.2960837 0.4833717 1.58562 -9999 -9999 -9999 -9999 -9999 -9999 -9999 -9999 -9999 -9999 -9999 -9999 -9999 -9999 -9999 -9999 -9999 -9999 -9999 -9999 -9999 -9999 -9999 -9999 -9999 -9999 -9999 -9999 -9999 -9999 -9999 -9999 -9999 -9999 -9999 -9999 -9999 -9999 -9999 -9999 -9999
0.7886165 0.5437236 -1.143754 -0.5635318 -1.4181 0.8889886 -0.3694591 -0.5070148 0.2219463 1.095575 0.03210425 -2.499526 1.177364 -0.03292842 -1.340789 1.735021 0.4384033 1.011763 -0.1801136 -0.1793084 1.653714 -0.1419604 -0.6993719 -0.7847603 -0.6325167 -1.046502 -0.2361262 0.6550774 -0.6456883 -0.2007659 -9999 -9999 -9999 -9999 -9999 -9999 -9999 -9999 -9999 -9999 -9999 -9999 -9999 -9999 -9999 -9999 -9999 -9999 -9999 -9999 -9999 -9999 -9999 -9999 -9999 -9999 -9999 -9999 -9999 -9999 -9999 -9999 -9999 -9999 -9999 -9999 -9999 -9999 -9999 -9999 -9999 -9999
0.3840114 1.481661 0.1527299 -0.3275358 0.5227321 -2.158644 0.7092242 -0.8496721 -1.313461 -1.344775 -0.2003964 0.8553479 -0.03788713 -0.9416017 2.404874 -0.5840088 1.327488 0.8590277 -0.2663639 0.4200185 0.2273333 0.6059219 0.4269223 1.355136 -1.449349 1.964463 -0.5583644 0.9332357 -0.4638961 0.6581962 -9999 -9999 -9999 -9999 -9999 -9999 -9999 -9999 -9999 -9999 -9999 -9999 -9999 -9999 -9999 -9999 -9999 -9999 -9999 -9999 -9999 -9999 -9999 -9999 -9999 -9999 -9999 -9999 -9999 -9999 -9999 -9999 -9999 -9999 -9999 -9999 -9999 -9999 -9999 -9999 -9999 -9999
-0.2130064 1.998934 -0.1529498 0.7443055 -1.08845 -0.4968611 -0.4816537 1.252779 0.02338048 -0.846422 1.420809 0.04897885 -0.8606459 0.1397344 -1.874381 0.354915 0.8764579 0.88299 0.7153677 1.057993 -0.4114886 0.2417091 -0.847713 -1.773973 0.1256988 0.5743828 -0.5750417 0.4419528 -9999 -9999 -9999 -9999 -9999 -9999 -9999 -9999 -9999 -9999 -9999 -9999 -9999 -9999 -9999 -9999 -9999 -9999 -9999 -9999 -9999 -9999 -9999 -9999 -9999 -9999 -9999 -9999 -9999 -9999 -9999 -9999 -9999 -9999 -9999 -9999 -9999 -9999 -9999 -9999 -9999 -9999 -9999 -9999
1.17053 -0.4995402 -0.4899464 -0.3342417 0.7939434 -1.753622 1.229878 -0.6608527 -0.3236646 -0.1620787 -1.619188 0.1356461 -0.8466385 -1.121115 -0.6841697 0.06494183 -1.235795 0.0180201 0.2614901 -0.5986092 -1.054854 -0.7065844 -1.056342 1.217792 -0.8653756 -0.4607708 1.623035 -9999 -9999 -9999 -9999 -9999 -9999 -9999 -9999 -9999 -9999 -9999 -9999 -9999 -9999 -9999 -9999 -9999 -9999 -9999 -9999 -9999 -9999 -9999 -9999 -9999 -9999 -9999 -9999 -9999 -9999 -9999 -9999 -9999 -9999 -9999 -9999 -9999 -9999 -9999 -9999 -9999 -9999 -9999 -9999 -9999
1.126692 -0.9854104 0.1245239 0.2814866 0.7658569 -1.547047 -0.2693834 -0.8082766 -1.109487 -1.209854 0.3425635 -0.5482011 -0.949129 0.3159394 -0.7523655 -0.4408695 0.1976096 -0.2887666 1.802158 0.9807293 0.73181 -1.363802 -0.7926619 -0.4589593 -0.4258219 -0.7103734 -9999 -9999 -9999 -9999 -9999 -9999 -9999 -9999 -9999 -9999 -9999 -9999 -9999 -9999 -9999 -9999 -9999 -9999 -9999 -9999 -9999 -9999 -9999 -9999 -9999 -9999 -9999 -9999 -9999 -9999 -9999 -9999 -9999 -9999 -9999 -9999 -9999 -9999 -9999 -9999 -9999 -9999 -9999 -9999 -9999 -9999
-1.240715 0.04537398 0.1547295 1.044583 0.03711494 -0.6578819 0.2077454 -0.8466571 0.1520136 -2.18477 0.8641746 -0.9032671 1.794912 1.966287 0.369569 -0.2254163 1.359303 0.5759537 -1.680246 1.522062 -1.906631 -0.3289699 -0.165481 -0.2752515 -0.6454161 -9999 -9999 -9999 -9999 -9999 -9999 -9999 -9999 -9999 -9999 -9999 -9999 -9999 -9999 -9999 -9999 -9999 -9999 -9999 -9999 -9999 -9999 -9999 -9999 -9999 -9999 -9999 -9999 -9999 -9999 -9999 -9999 -9999 -9999 -9999 -9999 -9999 -9999 -9999 -9999 -9999 -9999 -9999 -9999 -9999 -9999 -9999
