tests/data/testdata3.asc
ncols         279
nrows         271
xllcorner     166
yllcorner     -47.6
cellsize      0.05
NODATA_value  -9999
[rows 224 to 255 of 271, columns 0 to 71 of 279]
-9999 -9999 -9999 -9999 -9999 -9999 -9999 -9999 -9999 -9999 -9999 -9999 -9999 -9999 -9999 -9999 -9999 -9999 0.6276277 0.4704552 0.7376015 0.7480687 -9999 -0.4698384 0.1250641 -1.160002 1.590543 -0.6103877 0.2544704 -0.3887919 -0.3602303 -0.06540688 2.675798 -0.4171007 0.1220759 -1.691574 0.726433 0.1055964 0.5751866 -1.044527 -0.7638139 -0.0118764 -0.1810426 -0.5876569 0.3988775 0.9868028 -0.8047017 -0.8068243 -0.9666718 -0.4292618 -1.984314 0.6585038 0.2882073 -0.5740088 1.452164 -0.3258623 0.6884843 0.3771173 -0.3863133 0.1523474 -2.010146 -0.3154424 -1.349897 -0.3595639 0.1668776 0.3127388 0.3827578 -0.6890661 0.9335991 -0.6989434 1.422964 0.2211506
-9999 -9999 -9999 -9999 -9999 -9999 -9999 -9999 -9999 -9999 -9999 -9999 -9999 -9999 -9999 -9999 -1.505983 0.2149967 0.0009680502 -9999 0.8357883 -1.086379 1.039313 -9999 -0.0005172182 0.718874 -1.531617 0.8889544 1.180323 0.1457561 0.2752584 1.220269 0.04980868 1.018973 0.06913625 0.04382278 0.3499574 -1.319149 -0.2414336 -0.348036 1.278282 0.6227035 0.1567843 -0.07377326 -0.7585335 0.04747206 -0.4981074 1.297291 2.540233 -0.5488732 -0.4655279 -0.07264873 0.7670838 -0.6433355 -0.518846 0.352461 -1.556772 -0.7070367 -2.174377 1.143346 0.4826818 -1.740943 -1.127222 0.866448 -0.5925128 -0.1356023 0.3289815 0.156428 0.8380958 0.4801316 1.660141 -1.171349
-9999 -9999 -9999 -9999 -9999 -9999 -9999 -9999 -9999 -9999 -9999 -9999 -9999 -9999 -9999 -9999 1.150409 0.2359567 -1.137563 -1.180683 -9999 -9999 0.3284036 1.26025 0.294826 -1.852697 1.451023 -1.365732 0.1227251 -0.4762516 -0.599339 0.74496 1.455226 0.8568935 -1.330431 -0.7034667 0.1741794 0.2504535 -0.1225248 0.7317833 1.701933 -1.410504 -0.2229723 0.5098963 0.9452588 -0.1959485 -0.4415523 0.257907 0.8864788 0.684274 0.7057564 0.002504977 -1.340726 0.900535 0.6030639 -1.078193 0.40756 -0.09362613 0.8280683 0.8089915 0.4043368 -0.2498057 0.195508 -0.3559141 1.042323 0.8647667 0.2422328 -1.174431 -0.5521402 -0.8734141 -1.053627 1.108392
-9999 -9999 -9999 -9999 -9999 -9999 -9999 -9999 -9999 -9999 -9999 -9999 -9999 -9999 -9999 -0.5112364 -0.3029287 -9999 -9999 0.08742741 0.9732577 1.765235 -9999 -1.435132 -0.2157837 -0.06726602 -1.865431 -1.00453 -0.3081229 -0.383933 0.2967336 0.5776781 -2.266266 1.125665 2.051564 0.726225 -0.06933017 1.25233 1.718457 0.3574757 0.5027372 -0.9677414 -0.4194699 -1.79322 0.1905378 0.8929297 0.3496849 0.2469959 -1.333079 1.556081 -0.3728825 2.193613 1.787495 0.1098373 -1.210098 -0.9441254 0.7653536 1.6973 -0.2708691 -0.7864946 -0.4547639 -0.9004564 -0.3439402 0.1789022 0.2674227 1.964488 2.063038 -1.627547 -0.6097281 1.382404 0.9742258 -0.7027812
-9999 -9999 -9999 -9999 -9999 -9999 -9999 -9999 -9999 -9999 -9999 -9999 -9999 -9999 0.156138 0.4174769 1.316471 -0.7520477 -0.8075675 -0.1258538 1.538969 -9999 1.298087 -1.789264 1.002973 1.473355 0.4051386 -0.096922 -0.9602203 -0.1168851 -1.759231 0.1286118 0.3383224 -0.8304022 -1.358732 0.04550929 0.3531264 0.0849143 -0.4236635 -0.8348483 0.06713908 -0.6788555 -0.4723076 1.579811 -0.5084792 0.837832 1.559082 1.006829 -0.05142867 -1.003654 -0.2232214 0.7952737 0.5864097 -0.7565867 1.230223 -0.06121632 -0.1501521 -0.5782712 0.9157932 -0.002755176 -1.4202 -0.04607864 -0.6880298 0.3820437 0.3480901 0.07015283 0.9558946 0.6913146 0.2301093 0.7005938 0.4441677 0.7136491
-9999 -9999 -9999 -9999 -9999 -9999 -9999 -9999 -9999 -9999 -9999 -9999 -9999 -9999 -0.8260502 -0.5069478 0.647802 -9999 -9999 0.9186012 -1.247312 -0.8814759 -1.702274 -0.7731606 0.07805833 0.8140516 -0.3525138 0.0674516 0.6249796 0.315606 -1.451192 1.244645 0.9493585 0.6299683 0.1574936 -0.01757167 -1.373235 -1.496528 0.1874793 0.1485959 -0.7823802 1.307094 0.2109383 0.8921407 -0.1115766 1.967514 0.1256559 -1.728688 -0.8716801 -0.1311467 2.108573 0.2745004 -1.965613 -1.852123 -2.36324 0.04023349 -0.9551661 0.5119407 -1.647827 -0.4795874 1.198225 -0.08914999 -0.2638626 -0.09226451 0.9571384 0.2138572 -0.9876127 0.4520211 -0.1066543 -0.2695933 0.7219499 0.7353535
-9999 -9999 -9999 -9999 -9999 -9999 -9999 -9999 -9999 -9999 -9999 -9999 -9999 -9999 0.1333047 -9999 0.288544 1.168254 -0.6904294 0.9017988 0.585236 -0.5426463 0.383265 -0.7701238 0.5344269 0.6823121 -1.939961 -0.1865539 0.106747 1.342164 -1.563378 -0.7043892 2.013932 0.5421349 -0.7730932 0.3631627 -1.650726 0.4213183 0.6721153 1.789148 -1.566272 -1.398807 -0.8367826 0.2500469 0.971341 0.4233519 -2.139527 1.164922 0.3684931 1.368933 1.246461 -0.5999334 0.9407114 0.5572991 0.9892391 0.4226855 0.0007217568 -0.5498756 2.010583 1.144674 -1.558276 1.075886 -0.2041175 0.5899551 -2.385883 0.3674605 -0.509039 -1.028038 0.5741934 -0.8535437 -0.6180425 -2.159437
-9999 -9999 -9999 -9999 -9999 -9999 -9999 -9999 -9999 -9999 -9999 -9999 -0.372144 1.439038 -9999 1.103259 -0.0900934 -0.4304313 1.460843 -1.536773 -0.2797791 -1.109442 -0.5287678 -0.07378294 -0.6649082 0.3218073 0.5290512 1.873814 -0.7910078 -1.83166 0.9944731 2.008575 0.3455693 0.9808812 -0.9494424 0.9004483 0.7066669 0.5030066 0.5710708 0.1503081 0.1736124 -0.6900449 -1.963952 -0.05174458 0.8422112 1.420798 -0.6185706 -1.875704 0.4187878 -1.246978 1.054311 -0.434905 1.255522 -0.7835622 -0.3384112 -0.3848054 0.6950953 -0.1181415 0.04123057 0.3788881 -0.06813726 0.6571485 -0.6077132 -2.073137 0.1758944 1.540355 0.4803165 -0.1880843 -1.543838 0.2229334 0.5162098 -0.9431813
-9999 -9999 -9999 -9999 -9999 -9999 -9999 -9999 -9999 -9999 -1.569084 -0.05629164 -0.638216 -0.3578703 -9999 1.181739 2.190797 -0.493744 -0.04553155 2.106286 0.9783651 0.4458083 -0.5742466 -0.2312761 -1.212675 1.328457 -0.1491724 0.3238421 0.5250595 -0.174845 -0.9491696 -0.929409 -0.6560231 -1.975272 -0.4718168 -2.291932 0.4612487 -0.2516467 1.189377 1.303928 1.430359 0.4459708 0.4762166 -0.3417868 0.3097315 0.4820912 1.406065 0.3402981 1.445715 -0.3267376 -0.468001 0.107097 1.022762 -0.2059495 -1.173554 -0.567413 -1.585086 0.1886397 -0.8533424 -0.7013695 0.8424987 1.737857 2.05295 1.192912 0.4663792 -0.4014808 -0.6888897 0.8773686 -0.06780738 0.2455892 -0.5688407 -0.5889534
-9999 -9999 -9999 -9999 -9999 -9999 -9999 -9999 -9999 0.1540602 -9999 -9999 -0.02921661 -1.038037 -9999 -9999 -9999 -9999 -9999 0.3789845 -0.534071 -0.9056609 0.8171181 -0.429378 1.101258 -0.3046441 0.3198281 0.7634715 0.5085692 1.439292 0.8257597 -2.009651 0.4764771 -0.1979493 -0.5147505 -0.05805178 -0.2186212 0.2765529 -1.377416 -0.3984106 1.206657 0.4246182 -0.3681047 0.08234667 0.9535871 1.748173 -0.6364219 0.2749849 -1.75778 -1.021438 1.225689 -0.04076418 -2.133664 -0.3997046 0.483488 -1.100144 -1.123632 -0.2851122 0.5778369 -0.8745802 -0.2863232 0.1646275 -0.6788641 -2.2006 0.3578621 0.8962619 -2.305706 -0.370258 -0.5528504 -0.6109393 0.7591649 -1.636379
-9999 -9999 -9999 -9999 -9999 -9999 -9999 -9999 -9999 -9999 -9999 -9999 -9999 0.5751009 -9999 0.3697771 0.8852466 -1.093507 -1.992374 -0.2678984 -0.1168721 -0.5911656 -0.4962553 -2.036515 1.280265 -0.2181008 0.06845456 -2.705722 -0.3740306 -0.8134924 -2.739897 0.5342128 -0.193422 0.0385302 -1.427583 -1.556914 -0.1573202 0.544503 -0.1922135 -1.019903 -1.223631 1.459069 1.088963 0.1819974 -0.3906497 0.5984581 0.8244789 -2.265161 0.9057686 0.9403055 0.5875736 0.9161729 -0.2982301 2.753312 -1.36103 2.338934 -0.4031211 1.39456 0.7790238 0.7903643 1.00765 1.156287 0.7606722 0.424213 0.1063178 -0.8252931 0.5857262 1.063936 -0.5023366 0.7215658 -0.9760575 -1.145298
-9999 -9999 -9999 -9999 -9999 -9999 -9999 -9999 -9999 -9999 -0.9502907 -9999 1.345772 -0.6058005 1.440849 -0.2080392 0.4751454 -0.254546 -1.390392 0.2877896 -0.5690809 0.4887436 -0.4141957 -1.948383 0.7778642 0.446197 0.1244486 -0.4110787 0.6206474 -0.04873561 -1.828557 -1.923867 1.22775 1.102023 -0.258758 -0.7853157 0.9430621 0.1772252 1.141534 -0.4579179 -1.903993 1.078452 0.2663228 0.4606341 1.604356 -0.005795642 -1.232569 -1.880893 1.369438 0.1266297 0.0374971 0.4179722 0.4312001 -0.1538834 0.7380672 -0.872376 0.0702353 0.6580374 -1.460014 1.384784 0.6511196 -0.6629219 -0.1979088 0.2288535 0.1707556 0.1434476 -0.2736312 0.6003899 1.633866 0.9081082 -0.1408833 -1.235764
-9999 -9999 -9999 -9999 -9999 -9999 -9999 -9999 -9999 -1.311971 -1.712385 -0.2940694 -1.787266 0.3111859 -0.7490649 1.072376 -1.044276 -0.549231 -0.7719334 -1.266367 -1.058385 -0.1149621 1.111903 0.1378575 0.5084836 0.9059786 -0.09038517 -0.5850447 0.8595437 -0.1331696 0.8319907 -0.4091222 -0.6210259 -1.759601 -0.6571472 -1.859373 -0.9104819 0.8883762 -0.5815063 1.37519 0.02683466 1.825159 2.251714 -0.7965033 0.2438904 1.2141 1.994438 -1.689041 -0.8895323 -1.679518 -0.4560296 -0.231641 0.094355 1.244179 -1.427089 -0.333851 0.0966595 0.7043667 -0.8488942 0.02544911 -0.4715419 0.1942382 0.277146 -1.352159 1.012292 -0.1258538 -0.0214453 0.1796942 0.4365429 -0.5399545 1.098429 -0.02323392
-9999 -9999 -9999 -9999 -9999 -9999 -9999 -9999 -9999 0.2482156 0.5717849 0.3292346 -0.4382321 0.0409187 -0.9354314 -1.145071 -1.088394 0.2856082 -0.09926109 1.668391 0.5881584 1.552031 -0.3532834 -1.748182 0.8692778 -1.608591 -0.4091127 1.141179 0.5767655 -1.481168 0.5406797 0.6905788 0.5132602 -0.2482508 -0.5471216 0.207407 1.317874 0.8494786 0.1897921 0.3644851 -0.135967 -0.1518753 -0.2107546 0.2165975 1.002641 -0.9350954 1.093897 0.7970931 -1.157031 -2.111668 1.045562 -0.02124923 -0.4630533 -1.214614 1.387348 -0.01470096 0.1591283 -0.2786493 -0.1946452 0.3200978 -0.6675233 -1.196666 -0.4978304 1.248413 -0.6477636 1.448023 0.001374402 0.9080631 -0.910024 1.184572 0.7282103 -0.3226285
-9999 -9999 -9999 -9999 -9999 -9999 -9999 -9999 -9999 -0.7004017 0.1533971 1.798714 -9999 -9999 -9999 -1.824815 -9999 -9999 0.671185 -0.2430649 -1.016564 -0.2285618 0.151758 -0.7064419 0.4433049 -0.8193698 0.1760875 -0.5270471 0.144265 -0.1433519 0.2794246 0.7534691 -1.115806 0.9485844 0.9927164 0.7546844 0.8118572 0.273109 -1.131444 0.08598894 -0.8813629 1.684726 0.4245439 0.591585 0.584234 -0.5127059 -1.845589 -2.047087 0.616156 -0.6176609 -0.2995055 -0.3846512 0.2480246 0.6418605 -0.2521381 -1.747317 1.12483 -0.3374234 0.278029 -0.4681904 -0.108745 0.1264962 -1.406948 -0.2014919 1.168538 1.371506 -0.3598731 0.1943685 -0.7313871 -2.760143 -0.3998562 -1.253945
-9999 -9999 -9999 -9999 -9999 -9999 -9999 -9999 -9999 -9999 -9999 -9999 0.8676816 -0.4096451 -9999 0.1390265 0.1420887 -1.073153 -0.2400186 -0.01915606 -0.7263787 -2.464317 1.777758 2.516857 0.6596851 0.6906179 -0.8181484 0.4577124 0.4921985 -0.08125129 0.4523311 0.0496373 -0.5783478 0.9695651 -0.65772 -0.4560633 -0.6025174 -0.2459842 -0.001599886 -0.5544173 0.4950923 -1.491055 -0.1283828 -0.6936461 -2.309572 1.308046 0.2116446 -1.27543 -2.28973 -0.7844318 -1.068112 -2.109375 -0.7851271 -1.027519 -0.4012627 1.047681 0.647905 1.607253 -2.252877 -0.1196475 -0.4327957 -1.155988 0.8809876 -1.337975 -0.7977478 -0.2684666 0.1165142 1.439849 0.4550605 1.504368 0.03402825 1.210882
-9999 -9999 -9999 -9999 -9999 -9999 -9999 -9999 -9999 -9999 -9999 1.468936 -9999 -9999 -9999 -0.6096392 -0.9179602 0.6300166 -1.115777 0.3403328 1.875939 0.004106807 -0.1242987 -0.9710435 0.2357344 0.6513206 -0.1843266 0.3257774 -0.7350466 -2.467433 0.8275987 1.737594 1.215483 -0.09936842 -0.1837215 0.9150792 -0.1964188 1.421867 -0.2429585 0.3063504 -0.347036 0.8521907 0.6085206 0.8148915 -0.4910139 -0.1913232 -0.6100383 -0.6279997 -1.7333 0.5931742 -0.182305 1.19011 -1.089284 0.2612859 -2.813392 -2.473482 -0.6729647 -1.920251 0.06043724 0.2431724 -2.360411 -1.092236 -0.2322689 0.9713576 -1.191225 0.8083847 0.9181025 1.907188 -1.041925 -0.3679474 0.09614044 -0.3415124
-9999 -9999 -9999 -9999 -9999 -9999 -9999 -9999 -9999 -9999 -9999 -9999 0.08472713 -9999 -1.427556 -1.25627 -1.278513 -0.6946682 0.5617392 0.07846384 -0.03569876 -2.00459 1.375877 -0.05011396 0.3725356 0.458971 -1.653515 0.161771 1.157471 -1.673077 -0.1661624 -0.4082683 0.5298982 0.3375296 -0.1511327 0.5976486 -0.3718412 -0.1387901 0.7215874 0.07314088 1.583411 1.697267 -0.0587023 0.7292243 -0.1126338 -1.045342 -0.6113745 0.06482037 0.6003359 -0.1395499 -1.087683 0.7619848 0.2116088 -1.003466 3.006857 0.5691579 0.6758336 1.398242 -0.1480931 -0.7623363 1.447609 0.1087628 0.2767988 -0.3196261 -0.3218544 0.847191 -0.1858213 -0.7316746 1.114781 -1.205075 -0.3473423 -0.2119871
-9999 -9999 -9999 -9999 -9999 -9999 -9999 -9999 -9999 -9999 -9999 -9999 -9999 0.9396806 0.3379965 -0.3461618 -1.070483 -1.295489 1.153975 -1.03753 1.593865 1.18085 0.3271057 0.04018245 0.2717663 0.1388286 1.989279 -1.135785 -9999 -9999 -9999 -0.5495395 -0.3603529 0.5487134 -0.5219061 -0.3958822 0.889543 -0.2087383 0.82577 0.958214 0.05329812 -1.364691 0.05208849 0.6633762 1.483546 1.121545 -0.7904833 1.402101 -0.3267227 0.7086195 -0.031625 0.8235182 0.8970279 -0.3212256 0.7321618 -0.131482 -0.5236861 -0.1948555 1.288077 0.06318005 -0.06271371 0.7077892 -0.5153152 1.028009 0.8162424 0.6472014 -0.2916677 1.661327 -1.876507 -0.2100718 -0.2532058 0.2238915
-9999 -9999 -9999 -9999 -9999 -9999 -9999 -9999 -9999 -9999 -9999 -9999 -9999 -9999 -9999 -9999 -9999 -9999 -9999 -0.5240323 -0.01414513 0.1570738 0.4863252 -0.4028536 0.6001518 0.818141 -0.8108686 -9999 -9999 -9999 -9999 -9999 -9999 1.66282 0.874367 -0.1708317 0.1660195 1.090611 1.280729 1.542717 0.3897649 -1.395753 1.897142 -0.6141468 -0.5874178 0.2223491 0.006076847 0.2762222 -0.3295518 -1.191045 0.5734425 -0.5314767 -1.388576 1.433019 -0.7432243 -1.028175 0.7203018 -0.1785315 0.3609939 -0.316857 -0.4491758 -1.740573 1.645203 1.442635 0.2344231 0.7961307 1.356858 0.3046797 -0.6158292 -0.4289571 -0.7993687 0.1461557
-9999 -9999 -9999 -9999 -9999 -9999 -9999 -9999 -9999 -9999 -9999 -9999 -9999 -9999 -9999 -9999 -9999 -9999 -9999 -9999 -9999 -9999 -9999 -9999 -9999 -9999 -9999 -9999 -9999 -9999 -9999 -9999 -9999 -9999 -0.2118044 1.673773 0.1387313 0.5055239 0.60395 1.184783 0.126499 1.890907 0.9141501 -0.177704 1.387946 -0.4650343 -0.2086404 1.112554 -0.2883 0.7480426 0.4562907 0.1674037 -0.212224 0.4384324 0.8436688 -0.756036 -1.06533 1.08553 0.3035991 0.1044849 -2.448754 -1.094029 -1.415368 -0.7607381 -0.115698 -0.7389551 -0.9689832 1.191014 0.008007016 -1.79519 -0.2865581 -0.4199955
-9999 -9999 -9999 -9999 -9999 -9999 -9999 -9999 -9999 -9999 -9999 -9999 -9999 -9999 -9999 -9999 -9999 -9999 -9999 -9999 -9999 -9999 -9999 -9999 -9999 -9999 -9999 -9999 -9999 -9999 -9999 -9999 -9999 -9999 -1.277909 -1.493846 -0.4257875 -2.369298 -1.012752 0.293522 0.2521044 0.2641851 0.2238374 -1.226194 0.614268 -1.082379 0.44605 1.020273 1.652281 0.3721507 1.372154 -0.2857558 1.652329 -0.8106979 0.02040401 -1.031725 0.3411145 1.006535 0.5855187 -0.9221015 0.6326154 0.2497559 -0.2805539 -0.5538189 1.146574 0.4289902 0.1298958 -2.013201 0.03331931 0.1278861 -0.266646 -1.203253
-9999 -9999 -9999 -9999 -9999 -9999 -9999 -9999 -9999 -9999 -9999 -9999 -9999 -9999 -9999 -9999 -9999 -9999 -9999 -9999 -9999 -9999 -9999 -9999 -9999 -9999 -9999 -9999 -9999 -9999 -9999 -9999 -9999 -9999 -9999 1.809489 -9999 1.232634 -9999 0.4094591 -9999 -9999 -9999 -0.1674497 -0.05972368 -0.01530313 -0.3062684 -0.5591519 0.3724416 -2.213113 -0.7932333 -0.3142676 0.06408007 0.0721321 0.7159442 -1.401521 -1.175101 0.2097032 -0.6522468 0.1050362 -0.1144642 -0.481927 -1.609751 -0.7806967 -0.374865 0.3406694 -1.353636 1.295546 -1.492566 -0.2869887 0.2764582 0.207947
-9999 -9999 -9999 -9999 -9999 -9999 -9999 -9999 -9999 -9999 -9999 -9999 -9999 -9999 -9999 -9999 -9999 -9999 -9999 -9999 -9999 -9999 -9999 -9999 -9999 -9999 -9999 -9999 -9999 -9999 -9999 -9999 -9999 -9999 -9999 -9999 -9999 -9999 -9999 -9999 -9999 -9999 -9999 -9999 -9999 1.196157 0.131581 -0.23184 1.057146 0.5431488 0.7208569 -0.1812589 -0.26334 0.1035276 -0.9260641 0.5793716 0.5842875 -0.3194081 1.291408 -0.3626764 1.171247 -1.360165 1.394911 0.5355138 -1.295659 -0.2747766 0.3485851 0.2151569 0.5792406 0.4879008 0.976274 -1.092408
-9999 -9999 -9999 -9999 -9999 -9999 -9999 -9999 -9999 -9999 -9999 -9999 -9999 -9999 -9999 -9999 -9999 -9999 -9999 -9999 -9999 -9999 -9999 -9999 -9999 -9999 -9999 -9999 -9999 -9999 -9999 -9999 -9999 -9999 -9999 -9999 -9999 -9999 -9999 -9999 -9999 -9999 -9999 -9999 -9999 -0.3137079 -9999 0.8449082 -0.7876741 0.4250216 0.5661616 -0.1644107 -1.326603 -1.543641 -0.331087 1.046931 0.8484833 0.7485456 -0.144162 -1.082404 1.206756 -0.50306 2.862347 -0.5230283 0.1165134 -1.315251 0.5391148 -0.3133903 0.3191339 0.2980867 -1.062318 2.816656
-9999 -9999 -9999 -9999 -9999 -9999 -9999 -9999 -9999 -9999 -9999 -9999 -9999 -9999 -9999 -9999 -9999 -9999 -9999 -9999 -9999 -9999 -9999 -9999 -9999 -9999 -9999 -9999 -9999 -9999 -9999 -9999 -9999 -9999 -9999 -9999 -9999 -9999 -9999 -9999 -9999 -9999 -9999 -9999 -9999 0.4847505 0.3496709 0.8976684 -0.9136043 2.227992 -1.224328 0.5794495 0.1710129 0.4858166 -0.8277147 -0.276084 0.06531522 0.5068637 -0.6344556 0.5326869 -0.5442227 0.9595868 -0.1322066 0.5485603 0.9857846 -0.6756049 0.9478065 0.9205952 -1.870809 0.08936451 -1.362166 0.3397641
-9999 -9999 -9999 -9999 -9999 -9999 -9999 -9999 -9999 -9999 -9999 -9999 -9999 -9999 -9999 -9999 -9999 -9999 -9999 -9999 -9999 -9999 -9999 -9999 -9999 -9999 -9999 -9999 -9999 -9999 -9999 -9999 -9999 -9999 -9999 -9999 -9999 -9999 -9999 -9999 -9999 -9999 -9999 -9999 -9999 -9999 -9999 -9999 -9999 -9999 -0.2445698 2.957247 -0.7793263 -1.883992 -9999 -1.660354 1.329238 -0.05912821 0.09174526 -0.02474229 -1.739549 -0.6967304 -0.7879346 -0.1441492 -0.9271158 1.541852 -1.087258 -2.226271 -0.1880673 -0.4049594 -9999 -9999
-9999 -9999 -9999 -9999 -9999 -9999 -9999 -9999 -9999 -9999 -9999 -9999 -9999 -9999 -9999 -9999 -9999 -9999 -9999 -9999 -9999 -9999 -9999 -9999 -9999 -9999 -9999 -9999 -9999 -9999 -9999 -9999 -9999 -9999 -9999 -9999 -9999 -9999 -9999 -9999 -9999 -9999 -9999 -9999 -9999 -9999 -9999 -9999 -9999 -9999 -9999 -9999 -9999 -9999 -9999 -9999 -9999 0.004542745 -1.612695 -1.532127 -0.09850446 -0.9713896 -1.272465 -0.05900597 0.2345164 -9999 -0.6291458 -9999 -9999 -9999 -9999 -9999
-9999 -9999 -9999 -9999 -9999 -9999 -9999 -9999 -9999 -9999 -9999 -9999 -9999 -9999 -9999 -9999 -9999 -9999 -9999 -9999 -9999 -9999 -9999 -9999 -9999 -9999 -9999 -9999 -9999 -9999 -9999 -9999 -9999 -9999 -9999 -9999 -9999 -9999 -9999 -9999 -9999 -9999 -9999 -9999 -9999 -9999 -9999 -9999 -9999 -9999 -9999 -9999 -9999 -9999 -9999 -9999 -9999 -9999 -9999 -9999 -9999 -9999 -9999 -9999 -9999 -9999 -9999 -9999 -9999 -9999 -9999 -9999
-9999 -9999 -9999 -9999 -9999 -9999 -9999 -9999 -9999 -9999 -9999 -9999 -9999 -9999 -9999 -9999 -9999 -9999 -9999 -9999 -9999 -9999 -9999 -9999 -9999 -9999 -9999 -9999 -9999 -9999 -9999 -9999 -9999 -9999 -0.8011736 -0.6570197 -1.44541 0.3488081 0.1539859 -9999 -9999 -9999 -9999 -9999 -9999 -9999 -9999 -9999 -9999 -9999 -9999 -9999 -9999 -9999 -9999 -9999 -9999 -9999 -9999 -9999 -9999 -9999 -9999 -9999 -9999 -9999 -9999 -9999 -9999 -9999 -9999 -9999
-9999 -9999 -9999 -9999 -9999 -9999 -9999 -9999 -9999 -9999 -9999 -9999 -9999 -9999 -9999 -9999 -9999 -9999 -9999 -9999 -9999 -9999 -9999 -9999 -9999 -9999 -9999 -9999 -9999 -9999 -9999 -9999 -1.263519 -9999 0.6464972 0.3610364 1.968576 0.9834374 0.852755 0.3837429 -9999 -9999 -9999 -9999 -9999 -9999 -9999 -9999 -9999 -9999 -9999 -9999 -9999 -9999 -9999 -9999 -9999 -9999 -9999 -9999 -9999 -9999 -9999 -9999 -9999 -9999 -9999 -9999 -9999 -9999 -9999 -9999
-9999 -9999 -9999 -9999 -9999 -9999 -9999 -9999 -9999 -9999 -9999 -9999 -9999 -9999 -9999 -9999 -9999 -9999 -9999 -9999 -9999 -9999 -9999 -9999 -9999 -9999 -9999 -9999 -9999 -9999 -9999 -9999 -9999 -9999 -9999 -1.809826 -0.7041263 -0.01427829 -0.462328 1.446947 -1.751463 -9999 -9999 -9999 -9999 -9999 -9999 -9999 -9999 -9999 -9999 -9999 -9999 -9999 -9999 -9999 -9999 -9999 -9999 -9999 -9999 -9999 -9999 -9999 -9999 -9999 -9999 -9999 -9999 -9999 -9999 -9999
