tests/data/testdata3.asc
ncols         279
nrows         271
xllcorner     166
yllcorner     -47.6
cellsize      0.05
NODATA_value  -9999
[rows 64 to 95 of 271, columns 144 to 215 of 279]
-9999 -9999 -9999 -9999 -9999 -9999 -9999 -9999 -9999 -9999 -9999 -9999 -9999 -9999 -9999 -9999 -9999 -9999 -9999 -9999 -9999 -9999 -9999 -9999 -9999 -9999 -9999 -9999 -9999 -1.608268 1.026584 0.7474986 0.4910954 0.5186847 -1.431242 -0.1697774 0.6352714 -0.3189988 -1.244722 -0.8644671 -0.2979862 -0.359674 1.190688 1.063841 -1.204322 0.179844 -0.7590356 -1.116956 0.5538903 0.3677037 0.9048579 -0.4441544 0.1237952 1.43595 -9999 -9999 -9999 -9999 -9999 -9999 -9999 0.8396518 -9999 -9999 -9999 -9999 -9999 -9999 -9999 -9999 -9999 -9999
-9999 -9999 -9999 -9999 -9999 -9999 -9999 -9999 -9999 -9999 -9999 -9999 -9999 -9999 -9999 -9999 -9999 -9999 -9999 -9999 -9999 -9999 -9999 -9999 -9999 -9999 -9999 -9999 -9999 -9999 0.9881201 0.7646716 -0.555003 1.416259 1.320454 0.04957141 -1.533384 -1.102544 -0.356817 1.083794 -0.4028743 0.404219 -0.3875454 -0.1094495 -0.5267022 1.213883 -1.015316 0.238952 -2.298238 -1.316428 1.149855 -0.9272935 -2.335571 0.268007 -1.930846 -9999 -9999 -9999 -9999 -9999 -9999 -9999 -9999 -9999 -9999 -9999 -9999 -9999 -9999 -9999 -9999 -9999
-9999 -9999 -9999 -9999 -9999 -9999 -9999 -9999 -9999 -9999 -9999 -9999 -9999 -9999 -9999 -9999 -9999 -9999 -9999 -9999 -9999 -9999 -9999 -9999 -9999 -9999 -9999 -9999 -9999 -9999 0.1446735 -0.7147363 -0.2022567 0.5090778 -0.1237191 -0.6402938 0.5729394 -1.056361 -0.4622304 1.070365 -2.053794 -1.341707 -1.436408 -1.799425 -1.178976 0.4477078 0.3160498 0.65675 -1.779076 0.3150353 0.6394485 0.1257339 -1.057811 0.9926866 0.0902825 -9999 -9999 -9999 -9999 -9999 -9999 -9999 -9999 -9999 -9999 -9999 -9999 -9999 -9999 -9999 -9999 -9999
-9999 -9999 -9999 -9999 -9999 -9999 -9999 -9999 -9999 -9999 -9999 -9999 -9999 -9999 -9999 -9999 -9999 -9999 -9999 -9999 -9999 -9999 -9999 -9999 -9999 -9999 -9999 -9999 -9999 -9999 0.8291385 0.1368093 -1.847452 -1.222148 -1.578573 -0.6519257 2.025537 -0.3694967 0.2161351 0.0255494 -1.35525 1.361945 0.5869125 -0.4588881 -1.196788 -0.603357 0.2984214 1.192587 -0.6003476 0.2513655 0.1209284 0.5494791 0.2137932 -0.1752633 0.6689038 -9999 -9999 -9999 -9999 -9999 -9999 -9999 -9999 -9999 -9999 -9999 -9999 -9999 -9999 -9999 -9999 -9999
-9999 -9999 -9999 -9999 -9999 -9999 -9999 -9999 -9999 -9999 -9999 -9999 -9999 -9999 -9999 -9999 -9999 -9999 -9999 -9999 -9999 -9999 -9999 -9999 -9999 -9999 -9999 -9999 -9999 -9999 -9999 -1.197132 -0.2543422 -0.5660297 1.041391 0.413595 -1.268921 1.450781 -0.4597559 1.67806 2.462013 0.1861298 -3.097145 1.345663 -1.881739 -0.8521497 1.03042 -0.02657221 -0.6336354 0.8610944 1.22221 -1.203552 -0.417894 -0.9310606 -0.1423695 -9999 -9999 -9999 -9999 -9999 -9999 -9999 -9999 -9999 -9999 -9999 -9999 -9999 -9999 -9999 -9999 -9999
-9999 -9999 -9999 -9999 -9999 -9999 -9999 -9999 -9999 -9999 -9999 -9999 -9999 -9999 -9999 -9999 -9999 -9999 -9999 -9999 -9999 -9999 -9999 -9999 -9999 -9999 -9999 -9999 -9999 -9999 -9999 -0.06994028 -0.8873841 -0.1817325 0.6927031 -0.3095856 -0.7016508 -1.436013 -0.0001195149 -0.8191473 -0.5719315 1.153401 -0.5783881 -0.4030873 -1.565105 0.1777619 -0.6519335 0.9480072 1.719669 -1.475222 -1.657384 0.538358 -0.8040205 -0.06325761 -1.366166 -9999 -2.097512 -9999 -9999 -9999 -9999 -9999 -9999 -9999 -9999 -9999 -9999 -9999 -9999 -9999 -9999 -9999
-9999 -9999 -9999 -9999 -9999 -9999 -9999 -9999 -9999 -9999 -9999 -9999 -9999 -9999 -9999 -9999 -9999 -9999 -9999 -9999 -9999 -9999 -9999 -9999 -9999 -9999 -9999 -9999 -9999 -9999 -9999 -0.4785343 -2.216254 -1.423795 1.099761 0.4762281 -0.3976333 -0.002616074 1.780987 0.8182738 1.242413 -2.114607 0.326803 -0.5467459 1.144732 -0.2558478 0.6633452 -1.613085 1.215086 -0.6376517 1.704242 -0.1534881 0.4886505 -0.1264324 0.4242405 -9999 -9999 -1.236805 -9999 -9999 -9999 -9999 -9999 -9999 -9999 -9999 -9999 -9999 -9999 -9999 -9999 -9999
-9999 -9999 -9999 -9999 -9999 -9999 -9999 -9999 -9999 -9999 -9999 -9999 -9999 -9999 -9999 -9999 -9999 -9999 -9999 -9999 -9999 -9999 -9999 -9999 -9999 -9999 -9999 -9999 -9999 -9999 -9999 -9999 0.8188258 1.003279 1.452344 -1.202743 -0.2927623 0.7190511 -0.06552869 -1.451469 -2.092338 -0.4834576 -0.557782 1.124338 1.742131 0.3737189 2.357734 -0.09639756 -0.2576911 0.8734738 2.281642 -0.6247988 0.1364554 -0.9140599 0.9756979 -9999 -9999 0.2359138 0.007189714 -9999 -9999 -9999 -9999 -9999 0.4367281 -9999 -9999 -9999 -9999 -9999 -9999 -9999
-9999 -9999 -9999 -9999 -9999 -9999 -9999 -9999 -9999 -9999 -9999 -9999 -9999 -9999 -9999 -9999 -9999 -9999 -9999 -9999 -9999 -9999 -9999 -9999 -9999 -9999 -9999 -9999 -9999 -9999 -9999 -9999 0.2926413 -0.8444667 -0.6414948 0.01873592 -1.32311 1.480005 -0.5281939 0.05669495 -0.0150438 0.4738879 -0.0473147 0.4382391 -0.260195 -1.012663 1.147079 0.8053761 -1.139919 -0.5063019 -1.379297 -1.498314 -0.9493584 -0.3455105 -0.1716454 1.930787 -0.3534242 -1.311843 -0.6386959 -9999 -2.706813 -9999 -9999 -9999 -9999 -9999 -9999 -9999 -9999 -9999 -9999 -9999
-9999 -9999 -9999 -9999 -9999 -9999 -9999 -9999 -9999 -9999 -9999 -9999 -9999 -9999 -9999 -9999 -9999 -9999 -9999 -9999 -9999 -9999 -9999 -9999 -9999 -9999 -9999 -9999 -9999 -9999 -9999 -9999 0.8294767 -2.287567 0.4389924 1.118243 -0.06921307 1.560524 2.142498 -0.89829 1.345783 0.1160274 1.277791 0.7967172 -0.7208921 0.1227759 -0.8964629 0.8626134 1.278364 0.7340781 -1.453427 0.7194645 0.7219131 -0.3148874 0.04566665 -0.907703 -0.05143442 1.566798 0.5626643 -9999 0.8132701 -0.1402018 1.199274 -9999 -9999 -9999 -9999 -9999 -9999 -9999 -9999 -9999
-9999 -9999 -9999 -9999 -9999 -9999 -9999 -9999 -9999 -9999 -9999 -9999 -9999 -9999 -9999 -9999 -9999 -9999 -9999 -9999 -9999 -9999 -9999 -9999 -9999 -9999 -9999 -9999 -9999 -9999 -9999 -9999 -9999 0.3305399 -9999 -0.004783974 0.8767225 0.4538563 1.992706 0.05014298 0.5053953 -1.394141 2.464414 0.2293708 -0.3978522 -0.09967941 1.543573 -0.925306 0.7619753 0.363603 0.9445168 0.4046939 1.347133 0.3537807 -0.06846435 0.7938914 1.274429 0.2450192 -0.8144979 -0.2120212 0.752384 -0.09643123 0.4071959 -0.01759403 0.7163354 -9999 -9999 -9999 -9999 -9999 -9999 -9999
-9999 -9999 -9999 -9999 -9999 -9999 -9999 -9999 -9999 -9999 -9999 -9999 -9999 -9999 -9999 -9999 -9999 -9999 -9999 -9999 -9999 -9999 -9999 -9999 -9999 -9999 -9999 -9999 -9999 -9999 -9999 -9999 0.4389105 -2.007686 0.7406806 0.07062804 -0.04174161 0.07968328 -1.072414 0.7369527 -0.7072278 -0.4620222 -0.4679612 -0.7472104 -0.07048953 0.7028965 -0.2395662 -0.6615346 -0.2887265 -1.664364 0.03966966 0.5152215 -2.285841 0.07324996 1.087684 -1.120175 -0.6187169 1.128833 -0.4012713 0.4578095 0.4470322 0.1638526 1.888882 -0.1658552 -0.1920358 -0.1906871 1.332565 -0.4256612 -9999 -9999 -9999 -9999
-9999 -9999 -9999 -9999 -9999 -9999 -9999 -9999 -9999 -9999 -9999 -9999 -9999 -9999 -9999 -9999 -9999 -9999 -9999 -9999 -9999 -9999 -9999 -9999 -9999 -9999 -9999 -9999 -9999 -9999 -9999 -1.298736 1.104225 0.3708566 -1.651401 0.1590536 -1.537255 0.4927521 1.60327 -1.409713 -0.7498006 -0.7712678 -1.864021 0.3951911 -0.6889978 0.8705544 1.934429 -0.1716236 -0.6875583 1.199936 -0.3407379 -1.013019 0.3583266 -0.630706 0.329149 -0.5797373 -0.2551048 0.9038908 -1.630428 0.5518003 -0.5540287 -0.01909867 1.162219 -1.183485 1.569691 0.9105117 1.001794 -0.7358614 1.287993 -0.5804034 -9999 -9999
-9999 -9999 -9999 -9999 -9999 -9999 -9999 -9999 -9999 -9999 -9999 -9999 -9999 -9999 -9999 -9999 -9999 -9999 -9999 -9999 -9999 -9999 -9999 -9999 -9999 -9999 -9999 -9999 -9999 -9999 -9999 0.3355336 -1.771331 -0.0981822 -0.2738779 -0.4095426 -0.05089452 -0.9396272 0.7366735 0.9814551 0.9289876 0.6784139 -1.218032 1.793619 0.2785324 0.1913653 -0.5509566 1.256092 -0.3796318 1.30125 0.6283664 1.076523 -0.418938 -0.979668 -0.6411791 -0.7373759 -1.85273 0.2782562 -1.001562 -1.094136 0.4486124 -1.307589 -0.7268286 -0.1870996 -0.0329611 0.1095354 -1.195974 1.020304 -1.270419 -0.6806782 -0.4141503 -0.3811112
-9999 -9999 -9999 -9999 -9999 -9999 -9999 -9999 -9999 -9999 -9999 -9999 -9999 -9999 -9999 -9999 -9999 -9999 -9999 -9999 -9999 -9999 -9999 -9999 -9999 -9999 -9999 -9999 -9999 -9999 -9999 -9999 -9999 -9999 -1.3249 -0.6516148 0.8823196 -0.2442295 0.6505538 -0.1711057 -0.09452374 -1.148534 -0.1824711 0.2075123 0.5229485 -0.3092964 -1.410956 0.3886373 -1.248742 -0.6853026 -0.3426134 -1.223529 -0.4844051 -0.439045 1.410934 -0.5655214 -0.176424 -0.5253875 2.003969 0.7925423 0.3076982 -0.2039853 -1.209651 -1.247547 0.3370561 0.8089314 0.8074344 -0.1251122 0.5691022 -1.504493 -1.480483 -0.6160659
-9999 -9999 -9999 -9999 -9999 -9999 -9999 -9999 -9999 -9999 -9999 -9999 -9999 -9999 -9999 -9999 -9999 -9999 -9999 -9999 -9999 -9999 -9999 -9999 -9999 -9999 -9999 -9999 -9999 -9999 -9999 -9999 -0.5675815 -0.3945118 -0.5067785 -2.59145 -2.172769 2.220213 0.6559346 -2.188589 0.07994971 1.672126 1.301677 -0.2309453 -1.234883 -0.567031 1.563966 -0.06366415 -0.2183458 0.183393 -0.8457903 0.498107 -1.47757 0.3954097 0.4363756 1.47446 -0.6947518 0.08935241 -0.7423086 -0.7216074 0.05165419 0.990825 0.4577422 -0.03354687 1.06763 -0.1092135 0.03529231 0.9227957 -0.304969 -1.352806 -0.8881431 0.5804662
-9999 -9999 -9999 -9999 -9999 -9999 -9999 -9999 -9999 -9999 -9999 -9999 -9999 -9999 -9999 -9999 -9999 -9999 -9999 -9999 -9999 -9999 -9999 -9999 -9999 -9999 -9999 -9999 -9999 -9999 -9999 -9999 -9999 -9999 -0.3089361 1.850212 1.232075 -0.8969086 1.399656 0.07157263 -0.9970313 0.4750242 1.296816 -0.3597371 1.836766 0.9517142 -0.5301803 1.738232 1.501874 -0.9325737 0.3223257 0.6840489 1.865568 -1.729558 -0.6993352 -0.1741186 0.01498447 1.249781 -0.861555 -0.579927 -1.461361 0.4070683 0.03341416 1.056616 1.498076 1.072448 -2.144946 -0.4567903 -0.1108329 -0.2164445 -0.2469095 0.2524323
-9999 -9999 -9999 -9999 -9999 -9999 -9999 -9999 -9999 -9999 -9999 -9999 -9999 -9999 -9999 -9999 -9999 -9999 -9999 -9999 -9999 -9999 -9999 -9999 -9999 -9999 -9999 -9999 -9999 -9999 2.892093 -0.6619938 -0.6045318 -0.2633122 2.093975 0.3316145 -0.07619844 -0.235 3.100903 1.451883 -0.765043 1.371582 -0.2613921 -1.024585 0.8358133 0.8935305 0.7955865 1.014439 0.3937235 -0.7069789 0.7777873 -0.600509 1.002906 -1.75283 0.01988043 0.4727053 -0.2825751 -1.238569 0.8887781 0.4126907 0.6206545 -1.025763 -1.329036 -1.148095 0.03708347 -0.08143233 0.8047652 1.981602 0.3612173 -0.3424502 0.06975242 -0.8211223
-9999 -9999 -9999 -9999 -9999 -9999 -9999 -9999 -9999 -9999 -9999 -9999 -9999 -9999 -9999 -9999 -9999 -9999 -9999 -9999 -9999 -9999 -9999 -9999 -9999 -9999 -9999 -9999 -9999 -9999 0.4512795 -2.238158 0.915301 0.2645444 0.158396 1.515951 0.4465559 0.2211747 -0.4767631 -0.2390099 -0.1850593 0.2314453 -0.4711214 -0.1330866 -0.9220011 -1.015574 -0.5765197 -0.4245587 -0.4358566 -1.670166 1.29062 -0.1438978 0.1641007 -0.8133436 0.3880162 0.1465118 -2.42504 0.01511799 -1.139101 -1.894795 1.489276 -0.1302858 0.5927892 0.4860921 1.10968 0.0009938194 -0.3990522 -0.07660681 -0.1858787 0.115011 -0.1837513 0.6719382
-9999 -9999 -9999 -9999 -9999 -9999 -9999 -9999 -9999 -9999 -9999 -9999 -9999 -9999 -9999 -9999 -9999 -9999 -9999 -9999 -9999 -9999 -9999 -9999 -9999 -9999 -9999 -9999 -9999 -9999 0.3622323 0.09691657 -0.271533 0.2383147 -0.7487924 -0.2670346 -0.1128059 -0.1013573 0.9650219 0.5126722 -0.857696 0.007380482 -1.043609 0.8213823 -0.02784303 -1.109144 -0.2859587 -0.4322849 -1.099666 1.767642 -0.576455 -0.01994214 -0.169898 0.1433234 -1.359939 -1.353348 1.213624 -0.551899 -0.2888936 0.1505777 -0.918602 0.9090206 1.612976 0.4735152 0.3325692 0.9498571 2.748295 -0.3328655 1.940159 -0.6049066 1.871293 0.3849264
-9999 -9999 -9999 -9999 -9999 -9999 -9999 -9999 -9999 -9999 -9999 -9999 -9999 -9999 -9999 -9999 -9999 -9999 -9999 -9999 -9999 -9999 -9999 -9999 -9999 -9999 -9999 -9999 -9999 -9999 -0.8442273 -0.5654868 -0.7123365 -0.3126349 0.4064056 -0.2167624 -1.380893 -0.6476104 -0.4774009 -0.03840605 2.69427 -0.1420676 -0.7851195 -0.2452554 -1.394802 -0.2520952 0.286153 -0.3314243 1.348155 0.08467236 -0.64417 0.221774 0.6149775 -0.843689 0.1173746 -1.058605 0.8435627 0.2312148 1.293058 1.037634 -0.8812193 0.7777517 0.9360991 0.6981392 -0.4717995 -0.4607503 -0.7637483 -1.190655 0.6100479 1.867213 -2.596036 0.6889104
-9999 -9999 -9999 -9999 -9999 -9999 -9999 -9999 -9999 -9999 -9999 -9999 -9999 -9999 -9999 -9999 -9999 -9999 -9999 -9999 -9999 -9999 -9999 -9999 -9999 -9999 -9999 -9999 -9999 -9999 -0.4319692 -0.4320222 0.05593796 0.688106 -1.318384 0.2959216 -0.2720889 0.2107417 1.113772 0.1585287 -0.2393101 -1.33984 -0.001665994 1.470728 0.8088427 -0.04828376 0.03115202 -0.005493098 0.6934594 -1.008007 0.1677518 1.227937 -0.2590988 0.3376675 -1.753909 -0.04603313 -1.837654 -0.9531545 0.5939123 1.083391 0.90915 0.1018145 2.388946 1.168149 0.05070668 0.1580077 -0.7210269 -0.2290079 -1.874121 -0.08053338 -2.168587 -1.345915
-9999 -9999 -9999 -9999 -9999 -9999 -9999 -9999 -9999 -9999 -9999 -9999 -9999 -9999 -9999 -9999 -9999 -9999 -9999 -9999 -9999 -9999 -9999 -9999 -9999 -9999 -9999 -9999 -9999 0.6586692 0.6688836 -1.2646 1.1327 0.7939166 1.136121 -0.7293388 0.6575039 -0.1896729 -0.2270366 0.3706789 0.9063023 -1.091544 -1.069951 -1.570864 0.4003648 1.191057 -1.061235 0.7531086 0.2808121 0.01741136 0.2064698 -0.2703467 -0.04677461 1.383504 1.065381 -1.223666 0.8017488 1.207076 -1.123624 0.01032851 0.2414852 -0.7621064 1.098976 1.564671 0.6014923 1.315047 0.4798108 -0.8210497 1.042727 -0.677293 -0.1870562 0.5310476
-9999 -9999 -9999 -9999 -9999 -9999 -9999 -9999 -9999 -9999 -9999 -9999 -9999 -9999 -9999 -9999 -9999 -9999 -9999 -9999 -9999 -9999 -9999 -9999 -9999 -9999 -9999 -9999 -9999 -0.8295213 1.918886 -1.566864 -0.0257191 0.06059897 -0.272935 -1.144395 -0.1273744 -1.041838 1.222502 -1.205827 -0.3384479 0.5292857 -0.01415087 -0.4412303 -0.639665 -0.7928112 -1.217102 1.302494 -0.2359551 -0.8611583 -0.7115962 0.6304743 0.462344 -0.3756514 -0.7170697 0.2388817 -0.9197278 -0.19591 -0.6741203 -1.145257 -0.1070025 -1.594786 0.4378442 -0.2948771 -0.4616351 1.343524 0.09955849 1.604081 0.01031216 1.41966 -0.2235342 0.5961289
-9999 -9999 -9999 -9999 -9999 -9999 -9999 -9999 -9999 -9999 -9999 -9999 -9999 -9999 -9999 -9999 -9999 -9999 -9999 -9999 -9999 -9999 -9999 -9999 -9999 -9999 -9999 -9999 -9999 0.5728807 1.146189 -0.7718131 -0.3412333 -0.2653717 0.9267119 -0.8687339 -0.4010226 1.053957 0.4448866 0.5897132 0.9500237 -0.2731062 -0.898675 -0.09998208 -0.6612754 0.3576189 0.0009684785 1.674889 0.2843328 1.820964 0.5030653 -0.181813 -0.9139192 0.5498237 -0.4738272 -0.2517543 0.1206252 -0.4663201 0.6976154 -0.9011424 1.029629 2.749834 1.297139 0.7237716 -1.289879 -0.008059615 -0.1312734 -0.896162 0.521122 0.2023511 0.4093376 -0.3713807
-9999 -9999 -9999 -9999 -9999 -9999 -9999 -9999 -9999 -9999 -9999 -9999 -9999 -9999 -9999 -9999 -9999 -9999 -9999 -9999 -9999 -9999 -9999 -9999 -9999 -9999 -9999 -9999 -9999 1.361473 -1.756194 -0.3293664 -0.1351905 -0.7878289 0.3337433 0.2175997 1.73475 0.437023 1.615362 0.5573421 -1.360863 -1.049226 -1.121461 -0.1418236 0.5737526 0.6043597 1.201154 -0.4017482 -0.9002944 -1.415088 -1.162266 -0.3757381 0.6059732 1.112598 0.4529719 -2.25891 0.6412115 -0.48661 -0.2727982 0.3916298 0.2368294 1.237342 -1.528287 0.0598699 -2.033946 0.2753685 -0.8610692 1.005013 -0.6461489 -0.681557 -0.9133103 -0.2133042
-9999 -9999 -9999 -9999 -9999 -9999 -9999 -9999 -9999 -9999 -9999 -9999 -9999 -9999 -9999 -9999 -9999 -9999 -9999 -9999 -9999 -9999 -9999 -9999 -9999 -9999 -9999 -9999 -9999 0.1924546 0.9546048 -0.9256117 0.3081186 -1.690864 -0.9626462 -0.2074823 -1.732157 0.5883642 -1.525213 0.1101122 -0.6234438 -1.888015 0.1176606 -1.743809 -0.3227684 2.173919 0.04390505 -2.079648 0.3727387 1.884224 -1.18803 1.557 -0.9832331 2.869483 1.279272 -0.4001519 0.5987853 -1.587386 1.286118 0.5441315 0.6396088 -0.4370586 0.004480664 0.7212686 0.4222138 -1.798523 1.438403 0.06751218 0.004144095 -1.081431 -0.8678908 1.287808
-9999 -9999 -9999 -9999 -9999 -9999 -9999 -9999 -9999 -9999 -9999 -9999 -9999 -9999 -9999 -9999 -9999 -9999 -9999 -9999 -9999 -9999 -9999 -9999 -9999 -9999 -9999 -9999 -1.004288 0.1173982 0.4409328 0.6081132 -1.064285 0.3652219 -0.8732408 -0.2758511 0.2999339 2.471495 -1.345595 -1.245278 -0.7164039 0.2991826 0.3005606 -1.135274 -1.068487 0.2601856 -0.8490236 -0.587727 -1.160098 1.850499 0.6312522 -0.7536235 -1.320768 0.2915503 0.08567317 0.7288978 -0.2266935 0.3790507 -2.235068 0.1407381 -1.462698 -0.5123475 -0.3500374 0.4086315 0.2464695 -1.39163 -0.9021915 -1.660421 -1.285597 2.144525 0.8745041 -1.701721
-9999 -9999 -9999 -9999 -9999 -9999 -9999 -9999 -9999 -9999 -9999 -9999 -9999 -9999 -9999 -9999 -9999 -9999 -9999 -9999 -9999 -9999 -9999 -9999 -9999 -9999 -9999 -9999 0.06679245 -0.2822169 -0.003184862 -0.04851538 0.06561638 -0.3087754 -0.4362202 0.9645218 0.4688307 -1.922981 -0.9522265 -0.4313303 -0.7306901 -1.12398 -0.03959396 0.5009114 -0.05656161 1.092908 -0.904112 -0.3134416 1.864029 -0.3551176 -2.755872 0.9763536 -0.01726669 -0.03952978 -0.1338421 -1.014175 1.446202 -0.3722518 -1.366477 -0.3213775 0.331268 0.07811342 -0.09345004 -1.001484 -1.233568 0.9542411 -0.6038772 1.228217 -1.381482 -0.3745345 1.727844 0.3067628
-9999 -9999 -9999 -9999 -9999 -9999 -9999 -9999 -9999 -9999 -9999 -9999 -9999 -9999 -9999 -9999 -9999 -9999 -9999 -9999 -9999 -9999 -9999 -9999 -9999 -9999 -9999 -9999 0.4862126 -0.7191914 -0.6775738 0.8286835 -0.3609726 -1.618117 -0.7924101 -0.1200807 -0.6998979 0.3128381 1.362349 -0.5330042 0.7527065 1.040958 -0.4571836 0.09162083 -0.6547193 2.296409 -0.81244 -1.069878 1.301768 -0.03064147 -0.6481326 -1.418258 -1.19952 0.8007729 1.233309 -0.8112357 0.1179022 -0.1893803 -1.120981 -0.8795723 0.4751361 1.720675 -0.02577217 -1.830289 0.6222317 -1.119653 -0.5622923 -0.05571294 1.585322 -0.8950777 0.375807 -0.09523029
-9999 -9999 -9999 -9999 -9999 -9999 -9999 -9999 -9999 -9999 -9999 -9999 -9999 -9999 -9999 -9999 -9999 -9999 -9999 -9999 -9999 -9999 -9999 -9999 -9999 -9999 -9999 -9999 0.7684158 -0.09657856 -0.8406849 0.6640627 0.3513461 -1.077816 -0.8907737 -1.123636 -0.2259149 0.2387042 -0.5514679 -0.330148 -0.4368719 -0.05080596 0.02427342 -0.8383096 0.5745221 1.380585 -1.190206 1.253446 -0.3896141 -0.6948776 -1.881359 0.05884314 -1.115037 1.636314 1.250604 -0.8158527 0.9347401 1.024846 -0.7700614 0.482095 0.2488118 -0.6602553 0.07262333 0.5843151 -1.157474 0.7081423 0.1885125 0.8591267 0.5291145 -0.2904156 -2.442019 -0.279779
-9999 -9999 -9999 -9999 -9999 -9999 -9999 -9999 -9999 -9999 -9999 -9999 -9999 -9999 -9999 -9999 -9999 -9999 -9999 -9999 -9999 -9999 -9999 -9999 -9999 -9999 -9999 -9999 -1.104043 0.02163082 0.4868795 0.03049602 1.265253 0.3017398 -0.7340425 -0.5405242 -0.4457075 -0.8728733 0.6701736 1.103932 0.4090836 -1.367661 -1.671515 -2.252167 1.476567 1.023194 0.3019519 -1.239573 -0.7127033 0.7728143 -1.535014 0.5254527 1.535411 -0.5309475 0.3516341 2.210845 0.1778667 0.09144593 -0.9453325 0.8189409 -0.3710325 -0.005771368 -1.16943 0.3379966 2.289549 -0.781435 -0.7525911 -0.5175621 -1.046893 0.04717648 -0.004846726 -0.8389637
